###############
#    Sets     #
###############
#
set DAILYTIMEBRACKET :=  ;
set DAYTYPE :=  ;
set SEASON :=  ;
set STORAGE :=  ;
set YEAR := 2016 2017 2018 2019 2020 2021 2022 2023 2024 2025 2026 2027 2028 2029 2030 2031 2032 2033 2034 2035 2036 2037 2038 2039 2040 2041 2042 2043 2044 2045 2046 2047 2048 2049 2050 ;
set TECHNOLOGY := Bosques Plantaciones CultivosGenerales CultivosPermanentes SAF Pastos Humedales Asentamientos OtrasTierras Deforestacion Restauracion AreaIncendiada Lena Demanda_lena Lena_total Estufa_nueva Estufa_stock Casas_lena AG1a AG1b AG2 AG3 AG4 GAN1 GAN2 GAN3 FOLU1 FOLU2 FOLU3 FOLU4 NUEVAFOLU FermentacionEnterica GestionEstiercol1 GestionEstiercol2 CultivoArroz SuelosAgricolas OtrosAgricolas ;
set TIMESLICE := All ;
set FUEL := lena_demandado lena_local ;
set EMISSION := co2e servicios_ecosistemicos absorcion dano_lena AG1a_income AG1b_income AG2_income AG3_income AG4_income GAN1_income GAN2_income GAN3_income FOLU1_income FOLU2_income FOLU3_income FOLU4_income NUEVAFOLU_income ;
set MODE_OF_OPERATION := 1 ;
set REGION := Guatemala ;

#####################
#    Parameters     #
#####################
#
param CapitalCost default 0 :=
[Guatemala,*,*]:
2016 2017 2018 2019 2020 2021 2022 2023 2024 2025 2026 2027 2028 2029 2030 2031 2032 2033 2034 2035 2036 2037 2038 2039 2040 2041 2042 2043 2044 2045 2046 2047 2048 2049 2050 :=
Estufa_nueva 30.25894008696282 31.23658450827368 32.391974921776104 33.56429849782778 34.550262666410966 35.69042133440252 36.7611339744346 37.86396799366764 38.99988703347766 40.169883644482 41.37498015381645 42.61622955843095 43.894716445183874 45.2115579385394 46.56790467669558 47.96494181699645 49.403890071506346 50.88600677365154 52.412586976861085 53.98496458616692 55.604513523751926 57.272648929464495 58.99082839734842 60.76055324926888 62.58336984674695 64.46087094214936 66.39469707041384 68.38653798252625 70.43813412200204 72.55127814566211 74.72781649003197 76.96965098473292 79.27874051427492 81.65710272970317 84.10681581159426 
AG1a 7.007221830967162 0.350361091548358 0.3678791461257766 0.3862731034320657 0.4055867586036684 0.4258660965338524 0.4471594013605449 0.4695173714285713 0.4929932400000008 0.8799929334000001 0.9547923327389988 1.0359496810218138 1.1240054039086689 1.2195458632409049 1.3232072616163808 1.4356798788537732 1.5577126685563447 1.6901182453836343 1.8337782962412437 1.989649451421748 2.1587696547925965 2.3422650754499683 2.541357606863212 2.757373003446586 2.991749708739551 3.246048433982411 3.521962550870916 3.821329367694943 4.146142363949011 4.49856446488468 4.880942444399872 5.2958225521738695 5.745967469108648 6.234374703982874 6.764296553821419 
AG1b 0.0 0.0 0.0 0.0 0.0 0.0 0.0 0.0 0.0 0.0 0.0 0.0 0.0 0.0 0.0 0.0 0.0 0.0 0.0 0.0 0.0 0.0 0.0 0.0 0.0 0.0 0.0 0.0 0.0 0.0 0.0 0.0 0.0 0.0 0.0 
AG2 653.7798395350287 1.8123834102302792 2.9300211132623697 3.34417765938956 2.9084520139822376 2.90824724184043 2.908042491324699 3.0407429259676304 3.054530935779852 3.068381466238843 3.0822948008397533 3.096271224362796 3.110311022879783 3.124414483759759 3.1385818956746445 3.1528135486053177 3.167109733847698 3.1814707440185366 3.1958968730611974 3.210388416252342 3.22494567020697 3.2395689328855437 3.2542585035994764 3.269014683017369 3.2838377731709434 3.298728077461866 3.313685900667241 3.328711548946437 3.3438053298467247 3.3589675523103995 3.3741985266799737 3.3894985647058973 3.404867979551598 3.4203070858010545 3.4358161994642806 
AG3 180.24815221848 30.041358703079982 30.04135870308001 30.04135870308001 30.04135870308001 7.049805646851751 7.020619108401498 6.981859545662139 6.933375912882435 7.082914964571481 7.235679274527374 7.391738405120368 7.551163419042036 7.7140269116639075 7.880403044094665 8.050367576949702 8.22399790484935 8.401373091661176 8.582573906502112 8.767682860517564 8.95678424445318 9.149964167037565 9.347310594192248 9.548913389087716 9.754864353063557 9.96525726743046 10.180187936174455 10.399754229581864 10.624056128805426 10.853195771391542 11.087277497788946 11.32640789886123 11.570695864423897 11.820252632827746 12.075191841612543 
AG4 0.0 0.0 0.0 0.0 0.0 0.0 0.0 0.0 0.0 0.114756360154075 0.1196679020023351 0.1248770952167082 0.1303951033562954 0.1362316968444475 0.142398038224476 0.148904530029319 0.1557626721331701 0.1629844625401174 0.170585638222309 0.1785791281874774 0.1869823056058207 0.1958136071184883 0.2050931828060624 0.2148458600069355 0.2250972924074874 0.2358744364929565 0.2472049121529946 0.2591211147530837 0.2716546523449483 0.2848405127504939 0.2987126510927919 0.3133116726220079 0.3286765203961136 0.3448525164192624 0.3618850497995736 
GAN1 804.69393936708 88.26487274219994 53.27817972624021 94.92464520798003 99.36449351849976 43.86638963700003 43.86638963700003 43.86638963699987 43.86638963700003 44.74371742973997 46.265003822351126 47.83801395231112 49.46450642668982 51.14629964519726 52.8852738331339 54.68337314346053 56.54260783033799 58.46505649656957 60.45286841745279 32.17337217687706 32.7364061899723 33.3092932982969 33.892205931016896 34.485319534809754 35.088812626668826 35.70286684763549 36.327667017469416 36.96340119027504 37.61026071110493 38.26844027354928 38.93813797833617 39.61955539295708 40.312897612334034 41.0183733205496 41.73619485365923 
GAN2 50.01315236571429 2.813163668571427 2.813163668571427 2.813163668571427 2.813163668571427 2.9485534365906827 3.090459138783667 3.2391943689970524 3.395087813479975 6.049422761307039 6.544364069156189 7.079799637016759 7.659042554881186 8.285676977463037 8.963580301706 9.696947158774318 10.4903153689787 11.34859402023806 12.2770938438166 13.281560075290969 14.368208004079664 15.5437614315031 16.81549427533911 18.19127557830887 19.679618198990116 21.289731486439628 23.03157826445834 24.91593647809687 26.9544658838498 29.15978019619344 31.545525136885832 34.1264628699705 36.91856334493865 39.939103113249935 43.20677222965385 
GAN3 0.3281436595744681 0.1365 0.1365 0.1365 0.1365 0.1365 0.1365 0.1365 0.1365 0.2114552171659575 0.243335480914694 0.2800488358562067 0.3223297573809361 0.3710244549527097 0.4271078777032802 0.4917033087386213 0.566104942262659 0.6518038976249809 0.7505181935350129 0.8642272853468751 0.9952118601092558 1.1460996898396598 1.319918465350015 1.520156673372378 1.750833741534384 2.016580862168902 2.3227341207617456 2.6754418023667426 3.081788034528381 3.549935253886443 4.089288362305329 4.710683874691362 5.426607863411097 6.2514470835172 7.2083778691858145 
FOLU1 80.32423452237369 -0.198423174373713 2.3129100137582044 2.3659757371328216 2.3112912460302404 2.311128517521934 2.3109658061987632 2.5171332100159147 2.586198961257425 2.657159756422534 2.730067592215957 2.8049758920414205 2.8819395451477776 2.9610149468492826 3.0422600398494226 3.125734356698509 3.211499063416347 3.299617004311838 3.390152748032212 3.483172634875934 3.5787448254037715 3.676939350383479 3.777828162105161 3.881485187104436 3.987986380332284 4.097409780811256 4.209835568818806 4.325346124639525 4.444026088929479 4.565962424737001 4.691244481224963 4.819964059141652 4.952215478088039 5.088095645630623 5.227704128310765 
FOLU2 0.0 0.0 0.0 0.0 0.0 0.0 0.0 0.0 0.0 0.0 0.0 0.0 0.0 0.0 0.0 0.0 0.0 0.0 0.0 0.0 0.0 0.0 0.0 0.0 0.0 0.0 0.0 0.0 0.0 0.0 0.0 0.0 0.0 0.0 0.0 
FOLU3 22.438104815638003 12.150425333622 0.8867235825060001 3.0830889991939987 3.6081419721200017 1.6981242814680055 2.686315566608 3.679255185511997 3.759354538076604 5.1057797910073965 5.3699202114208 5.649072657787196 5.944146280220007 6.256107040279999 6.585983407479994 6.93486526406001 7.303914616820001 7.694366598849996 8.107531472989994 8.544806986500008 9.007674364139998 9.497714001940002 10.016602128099994 10.56612649676 11.148182381080002 11.764791272200014 12.418101480278002 13.110397884661978 13.844111617280005 14.62183007994002 15.44630462425998 16.320463640940012 17.24742518155999 18.23050163332001 19.27322376056 
FOLU4 2.7823284 -0.4600183999999999 -0.9650018 3.5491668 3.3519556 -7.1985262 1.2546822 1.6720632 16.5322022 -15.425062508333337 -0.1782826322083333 -0.1720427400810415 -0.166021244178205 -0.1602105006319679 -0.1546031331098492 -0.1491920234510042 -0.1439703026302192 -0.1389313420381613 -0.1340687450668263 -0.1293763389894869 -0.1248481671248551 -0.1204784812754852 -0.116261734430843 -0.1121925737257635 -0.1082658336453619 -0.1044765294677743 -0.100819850936402 -0.097291156153628 -0.0938859656882512 -0.0905999568891624 -0.0874289583980417 -0.0843689448541101 -0.0814160317842161 -0.0785664706717688 -0.0758166441982569 
NUEVAFOLU 64.75599999999999 4.856700000000009 4.8567 4.856700000000009 4.8567 4.8567 4.856700000000019 4.8567 4.8567 5.612186666666659 6.36767333333334 7.12316 7.621781199999999 8.155305883999995 8.726177295879998 9.33700970659161 9.990600386053002 10.689942413076714 11.4382383819921 12.238915068731576 13.09563912354274 14.012333862190754 14.993197232544096 16.042721038822158 17.165711511539747 18.3673113173475 19.653023109561857 21.028734727231225 22.500746158137385 24.075798389206884 25.761104276451466 27.56438157580309 29.493888286109307 31.55846046613696 33.76755269876651 
;

param EmissionActivityRatio default 0 :=
[Guatemala,AG1a,co2e,*,*]:
2016 2017 2018 2019 2020 2021 2022 2023 2024 2025 2026 2027 2028 2029 2030 2031 2032 2033 2034 2035 2036 2037 2038 2039 2040 2041 2042 2043 2044 2045 2046 2047 2048 2049 2050:=
1 0.0 0.0 0.0 0.0 0.0 0.0 0.0 0.0 0.0 0.0 -0.1144 -0.2288 -0.3431999999999999 -0.4576 -0.572 -0.6864 -0.8008000000000001 -0.9152 -1.0295999999999998 -1.144 -1.2583999999999995 -1.3727999999999998 -1.4871999999999996 -1.6015999999999997 -1.716 -1.8304 -1.9448 -2.0592 -2.1736000000000004 -2.2880000000000003 -2.4024000000000005 -2.5168000000000004 -2.6312000000000006 -2.745600000000001 -2.86  
[Guatemala,AG1b,co2e,*,*]:
2016 2017 2018 2019 2020 2021 2022 2023 2024 2025 2026 2027 2028 2029 2030 2031 2032 2033 2034 2035 2036 2037 2038 2039 2040 2041 2042 2043 2044 2045 2046 2047 2048 2049 2050:=
1 0.0 0.0 0.0 0.0 0.0 0.0 0.0 0.0 0.0 0.0 -0.0104 -0.0208 -0.0312 -0.0416 -0.052 -0.0624 -0.0728 -0.0832 -0.0936 -0.104 -0.1143999999999999 -0.1247999999999999 -0.1352 -0.1455999999999999 -0.156 -0.1664 -0.1768 -0.1872 -0.1976 -0.208 -0.2184 -0.2288 -0.2392 -0.2496000000000001 -0.26  
[Guatemala,AG2,co2e,*,*]:
2016 2017 2018 2019 2020 2021 2022 2023 2024 2025 2026 2027 2028 2029 2030 2031 2032 2033 2034 2035 2036 2037 2038 2039 2040 2041 2042 2043 2044 2045 2046 2047 2048 2049 2050:=
1 0.0 0.0 0.0 0.0 0.0 0.0 0.0 0.0 0.0 0.0 -0.2492 -0.4984 -0.7476 -0.9968 -1.2460000000000002 -1.4952000000000003 -1.7444000000000004 -1.9936000000000005 -2.2428 -2.492 -2.7412 -2.9904 -3.2396 -3.4888 -3.738 -3.987200000000001 -4.236400000000001 -4.485600000000001 -4.734800000000001 -4.984000000000001 -5.233200000000002 -5.482400000000002 -5.731600000000002 -5.980800000000002 -6.23  
[Guatemala,AG3,co2e,*,*]:
2016 2017 2018 2019 2020 2021 2022 2023 2024 2025 2026 2027 2028 2029 2030 2031 2032 2033 2034 2035 2036 2037 2038 2039 2040 2041 2042 2043 2044 2045 2046 2047 2048 2049 2050:=
1 0.0 0.0 0.0 0.0 0.0 0.0 0.0 0.0 0.0 0.0 -0.49 -0.98 -1.47 -1.96 -2.45 -2.9400000000000004 -3.43 -3.92 -4.41 -4.9 -5.39 -5.879999999999999 -6.369999999999999 -6.859999999999999 -7.35 -7.84 -8.33 -8.82 -9.310000000000002 -9.800000000000002 -10.290000000000004 -10.780000000000005 -11.270000000000003 -11.760000000000003 -12.25  
[Guatemala,AG4,co2e,*,*]:
2016 2017 2018 2019 2020 2021 2022 2023 2024 2025 2026 2027 2028 2029 2030 2031 2032 2033 2034 2035 2036 2037 2038 2039 2040 2041 2042 2043 2044 2045 2046 2047 2048 2049 2050:=
1 0.0 0.0 0.0 0.0 0.0 0.0 0.0 0.0 0.0 0.0 -0.002 -0.004 -0.006 -0.008 -0.01 -0.012 -0.014 -0.016 -0.018 -0.02 -0.022 -0.0239999999999999 -0.0259999999999999 -0.0279999999999999 -0.03 -0.032 -0.034 -0.036 -0.038 -0.04 -0.042 -0.044 -0.046 -0.048 -0.05  
[Guatemala,GAN1,co2e,*,*]:
2016 2017 2018 2019 2020 2021 2022 2023 2024 2025 2026 2027 2028 2029 2030 2031 2032 2033 2034 2035 2036 2037 2038 2039 2040 2041 2042 2043 2044 2045 2046 2047 2048 2049 2050:=
1 0.0 0.0 0.0 0.0 0.0 0.0 0.0 0.0 0.0 0.0 -0.0982666666666666 -0.1965333333333333 -0.2947999999999999 -0.3930666666666667 -0.4913333333333333 -0.5896 -0.6878666666666667 -0.7861333333333334 -0.8844 -0.9826666666666666 -1.080933333333333 -1.1791999999999998 -1.2774666666666663 -1.375733333333333 -1.474 -1.5722666666666667 -1.6705333333333334 -1.7688 -1.8670666666666669 -1.9653333333333336 -2.0636000000000005 -2.161866666666667 -2.260133333333334 -2.3584000000000005 -2.4566666666666666  
[Guatemala,GAN2,co2e,*,*]:
2016 2017 2018 2019 2020 2021 2022 2023 2024 2025 2026 2027 2028 2029 2030 2031 2032 2033 2034 2035 2036 2037 2038 2039 2040 2041 2042 2043 2044 2045 2046 2047 2048 2049 2050:=
1 0.0 0.0 0.0 0.0 0.0 0.0 0.0 0.0 0.0 0.0 -0.396 -0.792 -1.188 -1.584 -1.98 -2.3760000000000003 -2.772 -3.168 -3.564 -3.96 -4.356 -4.752 -5.148 -5.544 -5.94 -6.336 -6.732000000000001 -7.128000000000001 -7.524000000000002 -7.920000000000002 -8.316000000000003 -8.712000000000003 -9.108000000000002 -9.504000000000003 -9.9  
[Guatemala,GAN3,co2e,*,*]:
2016 2017 2018 2019 2020 2021 2022 2023 2024 2025 2026 2027 2028 2029 2030 2031 2032 2033 2034 2035 2036 2037 2038 2039 2040 2041 2042 2043 2044 2045 2046 2047 2048 2049 2050:=
1 0.0 0.0 0.0 0.0 0.0 0.0 0.0 0.0 0.0 0.0 -0.4479999999999999 -0.8959999999999999 -1.344 -1.7919999999999998 -2.24 -2.688 -3.136 -3.584 -4.032 -4.48 -4.927999999999999 -5.375999999999999 -5.823999999999999 -6.271999999999999 -6.72 -7.167999999999999 -7.616 -8.064 -8.512 -8.96 -9.408 -9.856000000000002 -10.304000000000002 -10.752000000000002 -11.2  
[Guatemala,FOLU1,co2e,*,*]:
2016 2017 2018 2019 2020 2021 2022 2023 2024 2025 2026 2027 2028 2029 2030 2031 2032 2033 2034 2035 2036 2037 2038 2039 2040 2041 2042 2043 2044 2045 2046 2047 2048 2049 2050:=
1 0.0 0.0 0.0 0.0 0.0 0.0 0.0 0.0 0.0 0.0 -0.484 -0.968 -1.452 -1.936 -2.42 -2.9040000000000004 -3.3880000000000003 -3.872 -4.356 -4.84 -5.323999999999999 -5.807999999999999 -6.291999999999999 -6.775999999999999 -7.26 -7.744 -8.228 -8.712000000000002 -9.196000000000002 -9.68 -10.164 -10.648000000000003 -11.132000000000003 -11.616000000000003 -12.1  
[Guatemala,FOLU2,co2e,*,*]:
2016 2017 2018 2019 2020 2021 2022 2023 2024 2025 2026 2027 2028 2029 2030 2031 2032 2033 2034 2035 2036 2037 2038 2039 2040 2041 2042 2043 2044 2045 2046 2047 2048 2049 2050:=
1 0.0 0.0 0.0 0.0 0.0 0.0 0.0 0.0 0.0 0.0 -0.48 -0.96 -1.44 -1.92 -2.4000000000000004 -2.8800000000000003 -3.3600000000000003 -3.84 -4.32 -4.8 -5.279999999999999 -5.759999999999999 -6.239999999999998 -6.719999999999999 -7.199999999999999 -7.68 -8.16 -8.64 -9.12 -9.6 -10.080000000000002 -10.560000000000002 -11.040000000000004 -11.520000000000003 -12.0  
[Guatemala,FOLU3,co2e,*,*]:
2016 2017 2018 2019 2020 2021 2022 2023 2024 2025 2026 2027 2028 2029 2030 2031 2032 2033 2034 2035 2036 2037 2038 2039 2040 2041 2042 2043 2044 2045 2046 2047 2048 2049 2050:=
1 0.0 0.0 0.0 0.0 0.0 0.0 0.0 0.0 0.0 0.0 -0.6452 -1.2904 -1.9356 -2.5808 -3.226 -3.8712 -4.5164 -5.1616 -5.806799999999999 -6.451999999999999 -7.097199999999999 -7.742399999999998 -8.387599999999997 -9.032799999999998 -9.678 -10.3232 -10.9684 -11.6136 -12.2588 -12.904000000000002 -13.549200000000004 -14.194400000000003 -14.839600000000004 -15.484800000000003 -16.13  
[Guatemala,FOLU4,co2e,*,*]:
2016 2017 2018 2019 2020 2021 2022 2023 2024 2025 2026 2027 2028 2029 2030 2031 2032 2033 2034 2035 2036 2037 2038 2039 2040 2041 2042 2043 2044 2045 2046 2047 2048 2049 2050:=
1 0.0 0.0 0.0 0.0 0.0 0.0 0.0 0.0 0.0 0.0 0.0 0.0 0.0 0.0 0.0 0.0 0.0 0.0 0.0 0.0 0.0 0.0 0.0 0.0 0.0 0.0 0.0 0.0 0.0 0.0 0.0 0.0 0.0 0.0 0.0  
[Guatemala,NUEVAFOLU,co2e,*,*]:
2016 2017 2018 2019 2020 2021 2022 2023 2024 2025 2026 2027 2028 2029 2030 2031 2032 2033 2034 2035 2036 2037 2038 2039 2040 2041 2042 2043 2044 2045 2046 2047 2048 2049 2050:=
1 0.0 0.0 0.0 0.0 0.0 0.0 0.0 0.0 0.0 0.0 0.0 0.0 0.0 0.0 0.0 0.0 0.0 0.0 0.0 0.0 0.0 0.0 0.0 0.0 0.0 0.0 0.0 0.0 0.0 0.0 0.0 0.0 0.0 0.0 0.0  
[Guatemala,Deforestacion,co2e,*,*]:
2016 2017 2018 2019 2020 2021 2022 2023 2024 2025 2026 2027 2028 2029 2030 2031 2032 2033 2034 2035 2036 2037 2038 2039 2040 2041 2042 2043 2044 2045 2046 2047 2048 2049 2050:=
1 376.896666666667 376.89666666666665 376.89666666666665 376.89666666666665 376.89666666666665 376.89666666666665 376.89666666666665 376.89666666666665 376.89666666666665 376.89666666666665 376.89666666666665 376.89666666666665 376.89666666666665 376.89666666666665 376.89666666666665 376.89666666666665 376.89666666666665 376.89666666666665 376.89666666666665 376.89666666666665 376.89666666666665 376.89666666666665 376.89666666666665 376.89666666666665 376.89666666666665 376.89666666666665 376.89666666666665 376.89666666666665 376.89666666666665 376.89666666666665 376.89666666666665 376.89666666666665 376.89666666666665 376.89666666666665 376.89666666666665  
[Guatemala,Restauracion,co2e,*,*]:
2016 2017 2018 2019 2020 2021 2022 2023 2024 2025 2026 2027 2028 2029 2030 2031 2032 2033 2034 2035 2036 2037 2038 2039 2040 2041 2042 2043 2044 2045 2046 2047 2048 2049 2050:=
1 -376.896666666667 -376.896666666667 -376.896666666667 -376.896666666667 -376.896666666667 -376.896666666667 -376.896666666667 -376.896666666667 -376.896666666667 -376.896666666667 -376.896666666667 -376.896666666667 -376.896666666667 -376.896666666667 -376.896666666667 -376.896666666667 -376.896666666667 -376.896666666667 -376.896666666667 -376.896666666667 -376.896666666667 -376.896666666667 -376.896666666667 -376.896666666667 -376.896666666667 -376.896666666667 -376.896666666667 -376.896666666667 -376.896666666667 -376.896666666667 -376.896666666667 -376.896666666667 -376.896666666667 -376.896666666667 -376.896666666667  
[Guatemala,AreaIncendiada,co2e,*,*]:
2016 2017 2018 2019 2020 2021 2022 2023 2024 2025 2026 2027 2028 2029 2030 2031 2032 2033 2034 2035 2036 2037 2038 2039 2040 2041 2042 2043 2044 2045 2046 2047 2048 2049 2050:=
1 188.44833333333332 188.44833333333332 188.44833333333332 188.44833333333332 188.44833333333332 188.44833333333332 188.44833333333332 188.44833333333332 188.44833333333332 188.44833333333332 188.44833333333332 188.44833333333332 188.44833333333332 188.44833333333332 188.44833333333332 188.44833333333332 188.44833333333332 188.44833333333332 188.44833333333332 188.44833333333332 188.44833333333332 188.44833333333332 188.44833333333332 188.44833333333332 188.44833333333332 188.44833333333332 188.44833333333332 188.44833333333332 188.44833333333332 188.44833333333332 188.44833333333332 188.44833333333332 188.44833333333332 188.44833333333332 188.44833333333332  
[Guatemala,Lena,co2e,*,*]:
2016 2017 2018 2019 2020 2021 2022 2023 2024 2025 2026 2027 2028 2029 2030 2031 2032 2033 2034 2035 2036 2037 2038 2039 2040 2041 2042 2043 2044 2045 2046 2047 2048 2049 2050:=
1 1.725 1.725 1.725 1.725 1.725 1.725 1.725 1.725 1.725 1.725 1.725 1.725 1.725 1.725 1.725 1.725 1.725 1.725 1.725 1.725 1.725 1.725 1.725 1.725 1.725 1.725 1.725 1.725 1.725 1.725 1.725 1.725 1.725 1.725 1.725  
[Guatemala,FermentacionEnterica,co2e,*,*]:
2016 2017 2018 2019 2020 2021 2022 2023 2024 2025 2026 2027 2028 2029 2030 2031 2032 2033 2034 2035 2036 2037 2038 2039 2040 2041 2042 2043 2044 2045 2046 2047 2048 2049 2050:=
1 28.466 28.466 28.466 28.466 28.466 28.466 28.466 28.466 28.466 28.466 28.466 28.466 28.466 28.466 28.466 28.466 28.466 28.466 28.466 28.466 28.466 28.466 28.466 28.466 28.466 28.466 28.466 28.466 28.466 28.466 28.466 28.466 28.466 28.466 28.466  
[Guatemala,GestionEstiercol1,co2e,*,*]:
2016 2017 2018 2019 2020 2021 2022 2023 2024 2025 2026 2027 2028 2029 2030 2031 2032 2033 2034 2035 2036 2037 2038 2039 2040 2041 2042 2043 2044 2045 2046 2047 2048 2049 2050:=
1 28.0 28.0 28.0 28.0 28.0 28.0 28.0 28.0 28.0 28.0 28.0 28.0 28.0 28.0 28.0 28.0 28.0 28.0 28.0 28.0 28.0 28.0 28.0 28.0 28.0 28.0 28.0 28.0 28.0 28.0 28.0 28.0 28.0 28.0 28.0  
[Guatemala,GestionEstiercol2,co2e,*,*]:
2016 2017 2018 2019 2020 2021 2022 2023 2024 2025 2026 2027 2028 2029 2030 2031 2032 2033 2034 2035 2036 2037 2038 2039 2040 2041 2042 2043 2044 2045 2046 2047 2048 2049 2050:=
1 273.0 273.0 273.0 273.0 273.0 273.0 273.0 273.0 273.0 273.0 273.0 273.0 273.0 273.0 273.0 273.0 273.0 273.0 273.0 273.0 273.0 273.0 273.0 273.0 273.0 273.0 273.0 273.0 273.0 273.0 273.0 273.0 273.0 273.0 273.0  
[Guatemala,CultivoArroz,co2e,*,*]:
2016 2017 2018 2019 2020 2021 2022 2023 2024 2025 2026 2027 2028 2029 2030 2031 2032 2033 2034 2035 2036 2037 2038 2039 2040 2041 2042 2043 2044 2045 2046 2047 2048 2049 2050:=
1 1.0 1.0 1.0 1.0 1.0 1.0 1.0 1.0 1.0 1.0 1.0 1.0 1.0 1.0 1.0 1.0 1.0 1.0 1.0 1.0 1.0 1.0 1.0 1.0 1.0 1.0 1.0 1.0 1.0 1.0 1.0 1.0 1.0 1.0 1.0  
[Guatemala,SuelosAgricolas,co2e,*,*]:
2016 2017 2018 2019 2020 2021 2022 2023 2024 2025 2026 2027 2028 2029 2030 2031 2032 2033 2034 2035 2036 2037 2038 2039 2040 2041 2042 2043 2044 2045 2046 2047 2048 2049 2050:=
1 1.0 1.0 1.0 1.0 1.0 1.0 1.0 1.0 1.0 1.0 1.0 1.0 1.0 1.0 1.0 1.0 1.0 1.0 1.0 1.0 1.0 1.0 1.0 1.0 1.0 1.0 1.0 1.0 1.0 1.0 1.0 1.0 1.0 1.0 1.0  
[Guatemala,OtrosAgricolas,co2e,*,*]:
2016 2017 2018 2019 2020 2021 2022 2023 2024 2025 2026 2027 2028 2029 2030 2031 2032 2033 2034 2035 2036 2037 2038 2039 2040 2041 2042 2043 2044 2045 2046 2047 2048 2049 2050:=
1 1.0 1.0 1.0 1.0 1.0 1.0 1.0 1.0 1.0 1.0 1.0 1.0 1.0 1.0 1.0 1.0 1.0 1.0 1.0 1.0 1.0 1.0 1.0 1.0 1.0 1.0 1.0 1.0 1.0 1.0 1.0 1.0 1.0 1.0 1.0  
[Guatemala,Casas_lena,dano_lena,*,*]:
2016 2017 2018 2019 2020 2021 2022 2023 2024 2025 2026 2027 2028 2029 2030 2031 2032 2033 2034 2035 2036 2037 2038 2039 2040 2041 2042 2043 2044 2045 2046 2047 2048 2049 2050:=
1 1.0 1.0 1.0 1.0 1.0 1.0 1.0 1.0 1.0 1.0 1.0 1.0 1.0 1.0 1.0 1.0 1.0 1.0 1.0 1.0 1.0 1.0 1.0 1.0 1.0 1.0 1.0 1.0 1.0 1.0 1.0 1.0 1.0 1.0 1.0  
[Guatemala,AG1a,AG1a_income,*,*]:
2016 2017 2018 2019 2020 2021 2022 2023 2024 2025 2026 2027 2028 2029 2030 2031 2032 2033 2034 2035 2036 2037 2038 2039 2040 2041 2042 2043 2044 2045 2046 2047 2048 2049 2050:=
1 1.0 1.0 1.0 1.0 1.0 1.0 1.0 1.0 1.0 1.0 1.0 1.0 1.0 1.0 1.0 1.0 1.0 1.0 1.0 1.0 1.0 1.0 1.0 1.0 1.0 1.0 1.0 1.0 1.0 1.0 1.0 1.0 1.0 1.0 1.0  
[Guatemala,AG1b,AG1b_income,*,*]:
2016 2017 2018 2019 2020 2021 2022 2023 2024 2025 2026 2027 2028 2029 2030 2031 2032 2033 2034 2035 2036 2037 2038 2039 2040 2041 2042 2043 2044 2045 2046 2047 2048 2049 2050:=
1 1.0 1.0 1.0 1.0 1.0 1.0 1.0 1.0 1.0 1.0 1.0 1.0 1.0 1.0 1.0 1.0 1.0 1.0 1.0 1.0 1.0 1.0 1.0 1.0 1.0 1.0 1.0 1.0 1.0 1.0 1.0 1.0 1.0 1.0 1.0  
[Guatemala,AG2,AG2_income,*,*]:
2016 2017 2018 2019 2020 2021 2022 2023 2024 2025 2026 2027 2028 2029 2030 2031 2032 2033 2034 2035 2036 2037 2038 2039 2040 2041 2042 2043 2044 2045 2046 2047 2048 2049 2050:=
1 1.0 1.0 1.0 1.0 1.0 1.0 1.0 1.0 1.0 1.0 1.0 1.0 1.0 1.0 1.0 1.0 1.0 1.0 1.0 1.0 1.0 1.0 1.0 1.0 1.0 1.0 1.0 1.0 1.0 1.0 1.0 1.0 1.0 1.0 1.0  
[Guatemala,AG3,AG3_income,*,*]:
2016 2017 2018 2019 2020 2021 2022 2023 2024 2025 2026 2027 2028 2029 2030 2031 2032 2033 2034 2035 2036 2037 2038 2039 2040 2041 2042 2043 2044 2045 2046 2047 2048 2049 2050:=
1 1.0 1.0 1.0 1.0 1.0 1.0 1.0 1.0 1.0 1.0 1.0 1.0 1.0 1.0 1.0 1.0 1.0 1.0 1.0 1.0 1.0 1.0 1.0 1.0 1.0 1.0 1.0 1.0 1.0 1.0 1.0 1.0 1.0 1.0 1.0  
[Guatemala,AG4,AG4_income,*,*]:
2016 2017 2018 2019 2020 2021 2022 2023 2024 2025 2026 2027 2028 2029 2030 2031 2032 2033 2034 2035 2036 2037 2038 2039 2040 2041 2042 2043 2044 2045 2046 2047 2048 2049 2050:=
1 1.0 1.0 1.0 1.0 1.0 1.0 1.0 1.0 1.0 1.0 1.0 1.0 1.0 1.0 1.0 1.0 1.0 1.0 1.0 1.0 1.0 1.0 1.0 1.0 1.0 1.0 1.0 1.0 1.0 1.0 1.0 1.0 1.0 1.0 1.0  
[Guatemala,GAN1,GAN1_income,*,*]:
2016 2017 2018 2019 2020 2021 2022 2023 2024 2025 2026 2027 2028 2029 2030 2031 2032 2033 2034 2035 2036 2037 2038 2039 2040 2041 2042 2043 2044 2045 2046 2047 2048 2049 2050:=
1 1.0 1.0 1.0 1.0 1.0 1.0 1.0 1.0 1.0 1.0 1.0 1.0 1.0 1.0 1.0 1.0 1.0 1.0 1.0 1.0 1.0 1.0 1.0 1.0 1.0 1.0 1.0 1.0 1.0 1.0 1.0 1.0 1.0 1.0 1.0  
[Guatemala,GAN2,GAN2_income,*,*]:
2016 2017 2018 2019 2020 2021 2022 2023 2024 2025 2026 2027 2028 2029 2030 2031 2032 2033 2034 2035 2036 2037 2038 2039 2040 2041 2042 2043 2044 2045 2046 2047 2048 2049 2050:=
1 1.0 1.0 1.0 1.0 1.0 1.0 1.0 1.0 1.0 1.0 1.0 1.0 1.0 1.0 1.0 1.0 1.0 1.0 1.0 1.0 1.0 1.0 1.0 1.0 1.0 1.0 1.0 1.0 1.0 1.0 1.0 1.0 1.0 1.0 1.0  
[Guatemala,GAN3,GAN3_income,*,*]:
2016 2017 2018 2019 2020 2021 2022 2023 2024 2025 2026 2027 2028 2029 2030 2031 2032 2033 2034 2035 2036 2037 2038 2039 2040 2041 2042 2043 2044 2045 2046 2047 2048 2049 2050:=
1 1.0 1.0 1.0 1.0 1.0 1.0 1.0 1.0 1.0 1.0 1.0 1.0 1.0 1.0 1.0 1.0 1.0 1.0 1.0 1.0 1.0 1.0 1.0 1.0 1.0 1.0 1.0 1.0 1.0 1.0 1.0 1.0 1.0 1.0 1.0  
[Guatemala,FOLU1,FOLU1_income,*,*]:
2016 2017 2018 2019 2020 2021 2022 2023 2024 2025 2026 2027 2028 2029 2030 2031 2032 2033 2034 2035 2036 2037 2038 2039 2040 2041 2042 2043 2044 2045 2046 2047 2048 2049 2050:=
1 1.0 1.0 1.0 1.0 1.0 1.0 1.0 1.0 1.0 1.0 1.0 1.0 1.0 1.0 1.0 1.0 1.0 1.0 1.0 1.0 1.0 1.0 1.0 1.0 1.0 1.0 1.0 1.0 1.0 1.0 1.0 1.0 1.0 1.0 1.0  
[Guatemala,FOLU2,FOLU2_income,*,*]:
2016 2017 2018 2019 2020 2021 2022 2023 2024 2025 2026 2027 2028 2029 2030 2031 2032 2033 2034 2035 2036 2037 2038 2039 2040 2041 2042 2043 2044 2045 2046 2047 2048 2049 2050:=
1 1.0 1.0 1.0 1.0 1.0 1.0 1.0 1.0 1.0 1.0 1.0 1.0 1.0 1.0 1.0 1.0 1.0 1.0 1.0 1.0 1.0 1.0 1.0 1.0 1.0 1.0 1.0 1.0 1.0 1.0 1.0 1.0 1.0 1.0 1.0  
[Guatemala,FOLU3,FOLU3_income,*,*]:
2016 2017 2018 2019 2020 2021 2022 2023 2024 2025 2026 2027 2028 2029 2030 2031 2032 2033 2034 2035 2036 2037 2038 2039 2040 2041 2042 2043 2044 2045 2046 2047 2048 2049 2050:=
1 1.0 1.0 1.0 1.0 1.0 1.0 1.0 1.0 1.0 1.0 1.0 1.0 1.0 1.0 1.0 1.0 1.0 1.0 1.0 1.0 1.0 1.0 1.0 1.0 1.0 1.0 1.0 1.0 1.0 1.0 1.0 1.0 1.0 1.0 1.0  
[Guatemala,FOLU4,FOLU4_income,*,*]:
2016 2017 2018 2019 2020 2021 2022 2023 2024 2025 2026 2027 2028 2029 2030 2031 2032 2033 2034 2035 2036 2037 2038 2039 2040 2041 2042 2043 2044 2045 2046 2047 2048 2049 2050:=
1 1.0 1.0 1.0 1.0 1.0 1.0 1.0 1.0 1.0 1.0 1.0 1.0 1.0 1.0 1.0 1.0 1.0 1.0 1.0 1.0 1.0 1.0 1.0 1.0 1.0 1.0 1.0 1.0 1.0 1.0 1.0 1.0 1.0 1.0 1.0  
[Guatemala,NUEVAFOLU,NUEVAFOLU_income,*,*]:
2016 2017 2018 2019 2020 2021 2022 2023 2024 2025 2026 2027 2028 2029 2030 2031 2032 2033 2034 2035 2036 2037 2038 2039 2040 2041 2042 2043 2044 2045 2046 2047 2048 2049 2050:=
1 1.0 1.0 1.0 1.0 1.0 1.0 1.0 1.0 1.0 1.0 1.0 1.0 1.0 1.0 1.0 1.0 1.0 1.0 1.0 1.0 1.0 1.0 1.0 1.0 1.0 1.0 1.0 1.0 1.0 1.0 1.0 1.0 1.0 1.0 1.0  
;

param EmissionsPenalty default 0 :=
[Guatemala,*,*]:
2016 2017 2018 2019 2020 2021 2022 2023 2024 2025 2026 2027 2028 2029 2030 2031 2032 2033 2034 2035 2036 2037 2038 2039 2040 2041 2042 2043 2044 2045 2046 2047 2048 2049 2050 :=
servicios_ecosistemicos -2627.659080063666 -2728.5849974821463 -2831.045607512224 -2916.7255413118523 -3004.227307551208 -3094.354126777744 -3187.1847505810765 -3282.800293098509 -3381.284301891464 -3482.722830948208 -3587.204515876654 -3694.820651352954 -3805.665270893543 -3919.835229020349 -4037.43028589096 -4158.553194467689 -4283.30979030172 -4411.809084010772 -4544.163356531095 -4680.488257227028 -4820.902904943839 -4965.529992092154 -5114.495891854919 -5267.930768610567 -5425.968691668884 -5588.747752418951 -5756.41018499152 -5929.102490541265 -6106.975565257503 -6290.184832215228 -6478.890377181685 -6673.257088497136 -6873.45480115205 -7079.658445186612 -7292.04819854221 
dano_lena 2500.0 2590.479476697758 2666.575806958896 2746.5730811676626 2828.9702736026925 2913.8393818107734 3001.2545632650967 3091.292200163049 3184.030966167941 3279.55189515298 3377.9384520075687 3479.276605567796 3583.654903734829 3691.1645508468746 3801.899487372281 3915.956471993449 4033.435166153253 4154.438221137851 4279.071367771986 4407.443508805146 4539.6668140693 4675.856818491379 4816.132523046121 4960.616498737504 5109.43499369963 5262.718043510618 5420.599584815937 5583.217572360416 5750.714099531228 5923.235522517165 6100.93258819268 6283.960565838461 6472.479382813614 6666.653764298023 6866.653377226964 
AG1a_income -5.691178028648882 -5.975736930081326 -6.274523776585393 -6.588249965414664 -6.917662463685397 -7.263545586869667 -7.626722866213151 -8.008059009523809 -8.40846196 -8.828885058000001 -9.2703293109 -9.733845776445 -10.220538065267252 -10.731564968530616 -11.268143216957146 -11.831550377805003 -12.423127896695256 -13.04428429153002 -13.696498506106522 -14.381323431411849 -15.10038960298244 -15.855409083131564 -16.64817953728814 -17.48058851415255 -18.354617939860177 -19.272348836853187 -20.235966278695848 -21.24776459263064 -22.31015282226217 -23.42566046337528 -24.596943486544045 -25.82679066087125 -27.11813019391481 -28.474036703610555 -29.89773853879108 
AG1b_income 0.0 0.0 0.0 0.0 0.0 0.0 0.0 0.0 0.0 0.0 0.0 0.0 0.0 0.0 0.0 0.0 0.0 0.0 0.0 0.0 0.0 0.0 0.0 0.0 0.0 0.0 0.0 0.0 0.0 0.0 0.0 0.0 0.0 0.0 0.0 
AG2_income 194.5896061892055 195.12904003640304 196.00112513306385 196.99647888124636 197.86214419821837 198.72774856725647 199.59329199479745 200.4983320904166 201.4074760192182 202.32074238971123 203.2381498947836 204.15971731208452 205.08546350440915 206.01540742008427 206.94956809335656 207.88796464478196 208.83061628161693 209.777542298212 210.7287620764061 211.68429508592385 212.6441608847736 213.60837911964805 214.57696952632637 215.54995193007784 216.52734624606816 217.50917247976648 218.49545072735532 219.48620117614195 220.48144410497105 221.48119988464032 222.4854889783172 223.4943319419578 224.50774942472756 225.52576216942384 226.5483910129008 
AG3_income 179.45933652611998 209.36922594714 239.27911536816 269.18900478918 299.0988942102 306.11784796063074 313.1077429009638 320.05904790110804 326.9620814462391 334.01399961887165 341.21801356265144 348.57740367917074 356.09552112172304 363.7757893212764 371.6217055453577 379.63684249056 387.82484990939633 396.18945627224224 404.734470465122 413.46378352411375 422.38137040716185 431.4912918041035 440.7976959857344 450.30482069275473 460.0169950654561 469.9386416150279 480.0742782373808 490.4285202704047 501.0060825955968 511.8117817850186 522.850538294558 534.127378704495 545.6474380083937 557.4159619513587 569.4383094187255 
AG4_income 0.0 0.0 0.0 0.0 0.0 0.0 0.0 0.0 0.0 0.0 0.0 0.0 0.0 0.0 0.0 0.0 0.0 0.0 0.0 0.0 0.0 0.0 0.0 0.0 0.0 0.0 0.0 0.0 0.0 0.0 0.0 0.0 0.0 0.0 0.0 
GAN1_income 32.228155297280054 35.76318133248006 37.89698322432007 41.69873449600007 45.67830259200007 47.43516038400008 49.19201817600008 50.94887596800008 52.70573376000008 53.75984843520008 54.83504540390408 55.93174631198216 57.05038123822181 58.19138886298624 59.35521664024596 60.54232097305088 61.7531673925119 62.98823074036214 64.24799535516938 64.89047530872108 65.53938006180829 66.19477386242637 66.85672160105064 67.52528881706114 68.20054170523176 68.88254712228407 69.57137259350692 70.26708631944199 70.96975718263641 71.67945475446278 72.39624930200739 73.12021179502747 73.85141391297776 74.58992805210754 75.33582733262863 
GAN2_income 47.41371890285715 50.08066839714286 52.74761789142857 55.414567385714285 58.08151688 60.876819259467744 63.80665179262968 66.8774890428053 70.09611717609624 73.46964895796441 77.00553947155352 80.71160259249022 84.59602825657151 88.66740055849813 92.9347167216498 97.40740698082314 102.09535542187078 107.00892182429426 112.15896455506062 117.55686456423476 123.2145505354551 129.14452524683193 135.35989320052272 141.87438958204217 148.70241061330378 155.85904536646896 163.36010910890857 171.22217825296502 179.46262698774962 188.0996656739264 197.152381086331 206.6407785933548 216.585826366306 227.0095017164448 237.9348396620912 
GAN3_income 23.29371939574468 23.57168079574468 23.84964219574468 24.12760359574468 24.40556499574468 24.68352639574468 24.96148779574468 25.23944919574468 25.51741059574468 26.798488613851063 28.15208999048182 29.58304941361074 31.09658129742149 32.698313448154295 34.39432393280116 36.19118146632671 38.09598966471939 40.11643554599761 42.2608426996305 44.53822958703883 46.95837348231162 49.53188061343808 52.27026312068992 55.18602351081896 58.29274735403588 61.60520504594442 65.13946353942016 68.91300904261601 72.94488177969623 77.25582402148267 81.86844271497151 86.80738817477932 92.09955044725584 97.77427512063092 103.86664365118328 
FOLU1_income 71.94777456719629 71.77004357599998 73.84175617000838 75.96100062940343 78.03126326579616 80.10138014351344 82.17135127794828 84.42599004079118 86.74249216442658 89.12255507172841 91.56792275989793 94.08038707838206 96.6617890418558 99.3140201792303 102.0390239196756 104.83879701667342 107.7153910111432 110.67091373471412 113.70753085424413 116.8274674587178 120.0330096896861 123.3265064164424 126.71037095716252 130.1870828472698 133.759189656321 137.42930885474448 141.20012973179837 145.0744153661542 149.05500465054976 153.1448143719952 157.34684134905606 161.66416462777983 166.09994773787486 170.65744101079486 175.33998396142752 
FOLU2_income 18.477249716000003 29.83572192048 40.4986965868704 53.87677772353299 64.93153183986233 76.74960711946508 85.19256444267579 88.94213663742227 91.74797293587382 94.64232428052674 97.62798303435966 100.70782965035792 103.88483545046772 107.16206549221768 110.54268152577266 114.02994504427332 117.62722043040384 121.33797820222384 125.16579836139547 129.11437384703663 133.18751409853172 137.3891487307377 141.72333132513097 146.19424334055265 150.8061981473252 155.5636451886324 160.47117427317716 165.53352000325916 170.75556634254374 176.14235132792913 181.6990719300578 187.43108906716145 193.34393277707608 199.44330755241788 205.7350978440664 
FOLU3_income 18.491226643617683 28.5043837812724 29.235132048118157 31.775903556394105 34.74937085211929 36.14879391786976 38.36258470588859 41.39465636798933 44.49273784832708 47.6771166969626 50.950482829366734 54.31561764694932 57.775397330905726 61.3327962586429 64.99089054742903 68.75286173008871 72.62200056774982 76.6017110048396 80.69551427172668 84.90705314061235 89.24009634048788 93.69854313719922 98.28642808488956 103.00792595533191 107.86735685191296 112.86919151528724 118.01805682799178 123.3187415255887 128.77620212219384 134.39556905855127 140.1821530811259 146.14145186101013 152.2791568617802 158.60116046578543 165.11356336871933 
FOLU4_income 0.0 0.0 0.0 0.0 0.0 0.0 0.0 0.0 0.0 0.0 0.0 0.0 0.0 0.0 0.0 0.0 0.0 0.0 0.0 0.0 0.0 0.0 0.0 0.0 0.0 0.0 0.0 0.0 0.0 0.0 0.0 0.0 0.0 0.0 0.0 
NUEVAFOLU_income 0.0 0.0 0.0 0.0 0.0 0.0 0.0 0.0 0.0 0.0 0.0 0.0 0.0 0.0 0.0 0.0 0.0 0.0 0.0 0.0 0.0 0.0 0.0 0.0 0.0 0.0 0.0 0.0 0.0 0.0 0.0 0.0 0.0 0.0 0.0 
;

param FixedCost default 0 :=
[Guatemala,*,*]:
2016 2017 2018 2019 2020 2021 2022 2023 2024 2025 2026 2027 2028 2029 2030 2031 2032 2033 2034 2035 2036 2037 2038 2039 2040 2041 2042 2043 2044 2045 2046 2047 2048 2049 2050 :=
Estufa_stock 72.44501940491591 74.78566547081985 77.55186549917116 80.35860638209112 82.71917132984802 85.448903983733 88.012371103245 90.65274223634236 93.37232450343262 96.1734942385356 99.05869906569168 102.03046003766244 105.09137383879232 108.24411505395608 111.49143850557476 114.836181660742 118.28126711056429 121.8297051238812 125.48459627759765 129.24913416592557 133.12660819090334 137.12040643663045 141.23401862972938 145.47103918862126 149.8351703642799 154.3302254752083 158.96013223946454 163.72893620664848 168.64080429284795 173.7000284216334 178.91102927428238 184.27836015251088 189.80671095708615 195.5009122857988 201.36593965437277 
AG1a 0.0 0.0 0.0 0.0 0.0 0.0 0.0 0.0 0.0 0.0 0.0 0.0 0.0 0.0 0.0 0.0 0.0 0.0 0.0 0.0 0.0 0.0 0.0 0.0 0.0 0.0 0.0 0.0 0.0 0.0 0.0 0.0 0.0 0.0 0.0 
AG1b 0.0 0.0 0.0 0.0 0.0 0.0 0.0 0.0 0.0 0.0 0.0 0.0 0.0 0.0 0.0 0.0 0.0 0.0 0.0 0.0 0.0 0.0 0.0 0.0 0.0 0.0 0.0 0.0 0.0 0.0 0.0 0.0 0.0 0.0 0.0 
AG2 0.0 0.0 0.0 0.0 0.0 0.0 0.0 0.0 0.0 0.0 0.0 0.0 0.0 0.0 0.0 0.0 0.0 0.0 0.0 0.0 0.0 0.0 0.0 0.0 0.0 0.0 0.0 0.0 0.0 0.0 0.0 0.0 0.0 0.0 0.0 
AG3 0.0 0.0 0.0 0.0 0.0 0.0 0.0 0.0 0.0 0.0 0.0 0.0 0.0 0.0 0.0 0.0 0.0 0.0 0.0 0.0 0.0 0.0 0.0 0.0 0.0 0.0 0.0 0.0 0.0 0.0 0.0 0.0 0.0 0.0 0.0 
AG4 0.0 0.0 0.0 0.0 0.0 0.0 0.0 0.0 0.0 0.0 0.0 0.0 0.0 0.0 0.0 0.0 0.0 0.0 0.0 0.0 0.0 0.0 0.0 0.0 0.0 0.0 0.0 0.0 0.0 0.0 0.0 0.0 0.0 0.0 0.0 
GAN1 0.0 0.0 0.0 0.0 0.0 0.0 0.0 0.0 0.0 0.0 0.0 0.0 0.0 0.0 0.0 0.0 0.0 0.0 0.0 0.0 0.0 0.0 0.0 0.0 0.0 0.0 0.0 0.0 0.0 0.0 0.0 0.0 0.0 0.0 0.0 
GAN2 0.0 0.0 0.0 0.0 0.0 0.0 0.0 0.0 0.0 0.0 0.0 0.0 0.0 0.0 0.0 0.0 0.0 0.0 0.0 0.0 0.0 0.0 0.0 0.0 0.0 0.0 0.0 0.0 0.0 0.0 0.0 0.0 0.0 0.0 0.0 
GAN3 0.0 0.0 0.0 0.0 0.0 0.0 0.0 0.0 0.0 0.0 0.0 0.0 0.0 0.0 0.0 0.0 0.0 0.0 0.0 0.0 0.0 0.0 0.0 0.0 0.0 0.0 0.0 0.0 0.0 0.0 0.0 0.0 0.0 0.0 0.0 
FOLU1 0.0 0.0 0.0 0.0 0.0 0.0 0.0 0.0 0.0 0.0 0.0 0.0 0.0 0.0 0.0 0.0 0.0 0.0 0.0 0.0 0.0 0.0 0.0 0.0 0.0 0.0 0.0 0.0 0.0 0.0 0.0 0.0 0.0 0.0 0.0 
FOLU2 0.0 0.0 0.0 0.0 0.0 0.0 0.0 0.0 0.0 0.0 0.0 0.0 0.0 0.0 0.0 0.0 0.0 0.0 0.0 0.0 0.0 0.0 0.0 0.0 0.0 0.0 0.0 0.0 0.0 0.0 0.0 0.0 0.0 0.0 0.0 
FOLU3 0.0 0.0 0.0 0.0 0.0 0.0 0.0 0.0 0.0 0.0 0.0 0.0 0.0 0.0 0.0 0.0 0.0 0.0 0.0 0.0 0.0 0.0 0.0 0.0 0.0 0.0 0.0 0.0 0.0 0.0 0.0 0.0 0.0 0.0 0.0 
FOLU4 0.0 0.0 0.0 0.0 0.0 0.0 0.0 0.0 0.0 0.0 0.0 0.0 0.0 0.0 0.0 0.0 0.0 0.0 0.0 0.0 0.0 0.0 0.0 0.0 0.0 0.0 0.0 0.0 0.0 0.0 0.0 0.0 0.0 0.0 0.0 
NUEVAFOLU 0.0 0.0 0.0 0.0 0.0 0.0 0.0 0.0 0.0 0.0 0.0 0.0 0.0 0.0 0.0 0.0 0.0 0.0 0.0 0.0 0.0 0.0 0.0 0.0 0.0 0.0 0.0 0.0 0.0 0.0 0.0 0.0 0.0 0.0 0.0 
;

param InputActivityRatio default 0 :=
[Guatemala,Demanda_lena,lena_local,*,*]:
2016 2017 2018 2019 2020 2021 2022 2023 2024 2025 2026 2027 2028 2029 2030 2031 2032 2033 2034 2035 2036 2037 2038 2039 2040 2041 2042 2043 2044 2045 2046 2047 2048 2049 2050:=
1 1 1 1 1 1 1 1 1 1 1 1 1 1 1 1 1 1 1 1 1 1 1 1 1 1 1 1 1 1 1 1 1 1 1 1  
;

param OperationalLife default 1 :
AreaIncendiada Demanda_lena Lena_total Estufa_nueva AG1a AG1b AG2 AG3 AG4 GAN1 GAN2 GAN3 FOLU1 FOLU2 FOLU3 FOLU4 NUEVAFOLU :=
Guatemala 100 100 1 1 100 100 100 100 100 100 100 100 100 100 100 100 100 
;

param OutputActivityRatio default 0 :=
[Guatemala,Lena,lena_local,*,*]:
2016 2017 2018 2019 2020 2021 2022 2023 2024 2025 2026 2027 2028 2029 2030 2031 2032 2033 2034 2035 2036 2037 2038 2039 2040 2041 2042 2043 2044 2045 2046 2047 2048 2049 2050:=
1 1 1 1 1 1 1 1 1 1 1 1 1 1 1 1 1 1 1 1 1 1 1 1 1 1 1 1 1 1 1 1 1 1 1 1  
[Guatemala,Demanda_lena,lena_demandado,*,*]:
2016 2017 2018 2019 2020 2021 2022 2023 2024 2025 2026 2027 2028 2029 2030 2031 2032 2033 2034 2035 2036 2037 2038 2039 2040 2041 2042 2043 2044 2045 2046 2047 2048 2049 2050:=
1 1 1 1 1 1 1 1 1 1 1 1 1 1 1 1 1 1 1 1 1 1 1 1 1 1 1 1 1 1 1 1 1 1 1 1  
;

param SpecifiedAnnualDemand default 0 :=
[Guatemala,*,*]:
2016 2017 2018 2019 2020 2021 2022 2023 2024 2025 2026 2027 2028 2029 2030 2031 2032 2033 2034 2035 2036 2037 2038 2039 2040 2041 2042 2043 2044 2045 2046 2047 2048 2049 2050 :=
lena_demandado 10.66684333049899 10.907888275498989 11.152997786249 11.258735351254002 11.407462543226345 11.475726002452229 11.571580816627254 11.669012109364015 11.762056183215698 11.843181648176222 11.912246872823586 11.969145542268546 12.020058088353478 12.064981481228202 12.10390765728022 12.136849246906266 12.16382000085627 12.184835407249588 12.199879854267028 12.208953759638195 12.21176883579111 12.208471739619696 12.198993436620968 12.183220609289076 12.161087227267966 12.132473621453473 12.097259428841015 12.055314322041742 12.006498096926686 11.95067177759312 11.88769774062244 11.8174256563239 11.739710443848368 11.654396880761052 11.561330195941247 
;

param SpecifiedDemandProfile default 0 :=
[Guatemala,lena_demandado,*,*]:
2016 2017 2018 2019 2020 2021 2022 2023 2024 2025 2026 2027 2028 2029 2030 2031 2032 2033 2034 2035 2036 2037 2038 2039 2040 2041 2042 2043 2044 2045 2046 2047 2048 2049 2050 :=
All 1 1 1 1 1 1 1 1 1 1 1 1 1 1 1 1 1 1 1 1 1 1 1 1 1 1 1 1 1 1 1 1 1 1 1 
;

param TotalTechnologyAnnualActivityLowerLimit default 0 :=
[Guatemala,*,*]:
2016 2017 2018 2019 2020 2021 2022 2023 2024 2025 2026 2027 2028 2029 2030 2031 2032 2033 2034 2035 2036 2037 2038 2039 2040 2041 2042 2043 2044 2045 2046 2047 2048 2049 2050 :=
Bosques 3.534276 3.522682 3.499313 3.478119 3.454614 3.431109 3.407607 3.371220859045541 3.3327788311026807 3.315243440528444 3.299844816016618 3.28665291253291 3.275729609542268 3.2671283524523247 3.260893840557816 3.2543362339453084 3.2474511671371613 3.2402341661203016 3.232680645638742 3.224785906415428 3.216545132301584 3.207953387351637 3.199005612821737 3.189696624089901 3.1800211074956475 3.16997361709705 3.1595485713429823 3.148740249658373 3.1375427889400984 3.125950179961203 3.1139562636810147 3.1015547274586392 3.088739101167321 3.0755027532070085 3.061838886412454 
Plantaciones 0.093134 0.092904 0.095586 0.098329 0.101009 0.103688 0.106368 0.1092865526609495 0.1122851853237298 0.1153660952441173 0.1185315399667602 0.1217838389793997 0.1251253754124808 0.1285585977853975 0.1320860218006513 0.1357102321872387 0.1394338845946182 0.1432597075386442 0.1471905044008938 0.151229155482852 0.1553786201164602 0.1596419388325737 0.1640222355889191 0.1685227200591821 0.1731466899849039 0.1778975335919102 0.182778732073042 0.1877938621390089 0.1929465986392325 0.1982407172546027 0.2036800972641165 0.2092687243874303 0.2150106937054061 0.2209102126607923 0.2269716041412384 
CultivosGenerales 1.565284979700029 1.5659558005000007 1.5883676450000008 1.6117880503668542 1.6341563964787331 1.6565231677273813 1.6788883642791166 1.7024341629946782 1.7262123644079856 1.744273301625899 1.7604619292405277 1.7747252566544094 1.787016665439351 1.797296163310369 1.805530600697161 1.8138027647316035 1.8221128282609569 1.8304609649243933 1.8388473491566248 1.8472721561915488 1.8557355620659075 1.864237743622969 1.8727788785162205 1.8813591452130811 1.889978722998632 1.8986377919793596 1.9073365330869207 1.9160751280819253 1.9248537595577304 1.933672610944257 1.9425318665118243 1.9514317113749984 1.9603723314964596 1.96935391369089 1.9783766456288765 
CultivosPermanentes 0.3548493163740183 0.3553330898 0.37410540397 0.3931237115205698 0.4118932787639094 0.4306615245192354 0.449428448926104 0.4710508473238975 0.4932689115254971 0.5000661935511683 0.5063642545564288 0.5121426836293543 0.5173826799029021 0.5220671547757527 0.5261808249727284 0.530326909165365 0.5345056627623517 0.5387173431848917 0.5429622098825593 0.5472405243492822 0.5515525501394508 0.5558985528841537 0.5602788003075407 0.5646935622433159 0.5691431106513596 0.573627719634482 0.5781476654553086 0.5827032265532983 0.5872946835618962 0.5919223193258213 0.5965864189184901 0.6012872696595783 0.6060251611327203 0.6108003852033476 0.6156132360366691 
SAF 0.5129012525085148 0.5143230977 0.5166217484199999 0.519245311898696 0.5215270412984483 0.5238086100510199 0.5260900181733767 0.5284755320130119 0.5308718627776645 0.5332790595158312 0.5356971714984147 0.538126248219733 0.540566339398532 0.5430174949790036 0.5454797651318076 0.5479532002550986 0.5504378509755579 0.5529337681494291 0.55544100286356 0.5579596064364474 0.5604896304192876 0.563031126597032 0.5655841469894469 0.568148743852178 0.5707249696778198 0.573312877196991 0.5759125193794126 0.5785239494349927 0.581147220814916 0.5837823872127369 0.5864295025654791 0.5890886210547398 0.5917597971077979 0.5944430853987289 0.5971385408495234 
Pastos 4.362174735607344 4.371267446699999 4.34464140926 4.313901131030305 4.287490827565376 4.2610823835412655 4.234675798761608 4.217513360280127 4.20042047831457 4.183396870963918 4.166442257469649 4.149556358211109 4.1327388947009 4.1159895895802885 4.0993081666146285 4.082694350688807 4.066147867802708 4.049668445066692 4.033255810697095 4.0169096940117495 4.000629825425516 3.98441593644584 3.96826775966832 3.9521850287723046 3.936167478516493 3.9202148447345615 3.904326864330816 3.888503275275836 3.872743816602169 3.85704822840002 3.8414162518129618 3.8258476290336736 3.8103421032996816 3.7948994188891296 3.779519321116559 
Humedales 0.2393717997690632 0.2394427828999999 0.2396343371099999 0.2399760540271988 0.2401592732669588 0.2403424796070058 0.2405256730487023 0.2407428463028758 0.2409602156451496 0.241177781252574 0.2413955433023588 0.2416135019718739 0.2418316574386496 0.2420500098803762 0.2422685594749045 0.2424873064002459 0.2427062508345726 0.2429253929562175 0.2431447329436749 0.2433642709755997 0.2435840072308086 0.2438039418882794 0.2440240751271519 0.2442444071267273 0.2444649380664687 0.2446856681260015 0.244906597485113 0.2451277263237531 0.245349054822034 0.2455705831602305 0.2457923115187803 0.246014240078284 0.2462363690195051 0.2464586985233706 0.2466812287709705 
Asentamientos 0.1560581803267494 0.1561166942000001 0.1580322364500001 0.1600479271507276 0.1619589669496328 0.1638698722000874 0.1657806429163008 0.1677840783531829 0.1698117250217212 0.1718638755111988 0.1739408259467986 0.1760428760323342 0.1781703290934969 0.1803234921216261 0.1825026758180073 0.184708194638707 0.1869403668399485 0.1891995145240359 0.1914859636858341 0.1938000442598093 0.1961420901676385 0.1985124393663949 0.2009114338973145 0.203339419935153 0.2057967478381387 0.2082837721985291 0.2108008518937784 0.2133483501383241 0.215926634535998 0.218536077133072 0.2211770544719441 0.2238499476454735 0.2265551423519723 0.2292930289508617 0.2320640025190009 
OtrasTierras 0.0708493702118993 0.0708750634999999 0.0725990515099999 0.0743695755664632 0.0760919641711396 0.0778142315095199 0.0795363775944108 0.0813917610257362 0.0832904258810006 0.0852333818068499 0.087221662002444 0.0892563237688779 0.0913384490714191 0.0934691451148605 0.0956495449322951 0.0978808079876252 0.1001641207921267 0.1025006975353961 0.1048917807310159 0.1073386418772824 0.1098425821333455 0.1124049330111222 0.1150270570833496 0.1177103487081566 0.1204562347705362 0.1232661754411156 0.1261416649526265 0.1290842323944879 0.1320954425259249 0.1351768966080558 0.1383302332553888 0.1415571293071832 0.1448593007191359 0.1482385034758699 0.1516965345247082 
Deforestacion 0.03831 0.036306 0.03831 0.032047 0.038585 0.038677 0.038674 0.038674 0.038674 0.038674 0.038674 0.038674 0.038674 0.038674 0.038674 0.038674 0.038674 0.038674 0.038674 0.038674 0.038674 0.038674 0.038674 0.038674 0.038674 0.038674 0.038674 0.038674 0.038674 0.038674 0.038674 0.038674 0.038674 0.038674 0.038674 
Restauracion 0.017623 0.024483 0.017623 0.018 0.017613 0.017611 0.017609 0.0022878590455409 0.0002319720571396 0.0211386094257634 0.0232753754881739 0.0254820965162917 0.027750697009358 0.0300727429100568 0.0324394881054909 0.0321163933874927 0.0317889331918529 0.0314569989831402 0.0311204795184402 0.030779260776686 0.030433225886156 0.0300822550500529 0.0297262254700997 0.0293650112681646 0.0289984834057463 0.0286265096014025 0.0282489542459322 0.0278656783153909 0.0274765392817252 0.0270813910211044 0.0266800837198119 0.0262724637776245 0.0258583737086818 0.0254376520396874 0.0250101332054454 
AreaIncendiada 0.013122886374892 0.013122886374892 0.020088888070402 0.0551456935627989 0.0757143879556796 0.0355601843074755 0.018935507387443 0.020088888070402 0.020289776951106 0.0204926747206171 0.0206976014678232 0.0209045774825015 0.0211136232573265 0.0213247594898998 0.0215380070847988 0.0217533871556467 0.0219709210272032 0.0221906302374753 0.02241253653985 0.0226366619052485 0.022863028524301 0.023091658809544 0.0233225753976394 0.0235558011516158 0.023791359163132 0.0240292727547633 0.024269565482311 0.0245122611371341 0.0247573837485054 0.0250049575859905 0.0252550071618504 0.0255075572334689 0.0257626328058036 0.0260202591338616 0.0262804617252002 
Lena 10.66684333049899 10.907888275498989 11.152997786249 11.258735351254002 11.407462543226345 11.475726002452229 11.571580816627254 11.669012109364015 11.762056183215698 11.843181648176222 11.912246872823586 11.969145542268546 12.020058088353478 12.064981481228202 12.10390765728022 12.136849246906266 12.16382000085627 12.184835407249588 12.199879854267028 12.208953759638195 12.21176883579111 12.208471739619696 12.198993436620968 12.183220609289076 12.161087227267966 12.132473621453473 12.097259428841015 12.055314322041742 12.006498096926686 11.95067177759312 11.88769774062244 11.8174256563239 11.739710443848368 11.654396880761052 11.561330195941247 
Lena_total 15.34008280688429 15.56409279023094 15.792769952258077 15.962993088271396 16.10454503732149 16.164481800805138 16.252761624094106 16.34278807798443 16.428683804315817 16.440101730246052 16.438065274993924 16.4226035120799 16.40225227930565 16.376953062749294 16.346643500739063 16.311283884398627 16.270836976561696 16.225268611058198 16.174513620819617 16.11852453134465 16.01571691350208 15.937704734540086 15.85249238702992 15.75851725269576 15.664958469143665 15.565733846833323 15.46119652973464 15.35210604681208 15.237190700824716 15.117206979733162 14.991346442358086 14.859222446134208 14.720670070980647 14.575293207357095 14.422800445248008 
Estufa_nueva 0.015 0.015 0.015 0.015 0.015 0.015 0.015 0.015 0.015 0.0173333333333333 0.0196666666666666 0.022 0.0225499999999999 0.0231137499999999 0.0236915937499999 0.0242838835937499 0.0248909806835937 0.0255132552006835 0.0261510865807006 0.0268048637452181 0.0274749853388486 0.0281618599723198 0.0288659064716278 0.0295875541334185 0.0303272429867539 0.0310854240614228 0.0318625596629584 0.0326591236545323 0.0334756017458956 0.034312491789543 0.0351703040842816 0.0360495616863886 0.0369508007285483 0.037874570746762 0.0388214350154311 
Estufa_stock 0.2 0.215 0.23 0.245 0.26 0.2750000000000001 0.2900000000000001 0.3050000000000001 0.3200000000000001 0.3373333333333334 0.3570000000000001 0.3790000000000001 0.4015500000000001 0.4246637500000001 0.4483553437500001 0.4726392273437501 0.4975302080273439 0.5230434632280274 0.5491945498087281 0.5759994135539462 0.6034743988927949 0.6316362588651148 0.6605021653367426 0.6900897194701611 0.7204169624569151 0.751502386518338 0.7833649461812964 0.8160240698358288 0.8494996715817245 0.8838121633712676 0.9189824674555492 0.955032029141938 0.9919828298704862 1.0298574006172485 1.0686788356326795 
Casas_lena 1.7460339012267838 1.757518320613392 1.76900274 1.7990203319564833 1.818666555489788 1.8376198868487716 1.857608122641692 1.8778788429692783 1.8977923523691385 1.9102187923465583 1.92245842355701 1.9345100670303144 1.946368212902598 1.9580325257254672 1.9695024381947983 1.9807798088649144 1.991866916643036 2.002766527380517 2.013478476785401 2.024004553907542 2.028953107217476 2.037611613642221 2.045837560718532 2.0534290365866137 2.0616246140451158 2.069627963887362 2.0775016248001528 2.085367638183198 2.093068343915037 2.100728684693173 2.108254477653483 2.1156103963042847 2.122792769382286 2.129764674501984 2.1365041603714583 
AG1a 0.0152992769392964 0.0160642407862612 0.0168674528255743 0.017710825466853 0.0185963667401956 0.0195261850772054 0.0205024943310657 0.021527619047619 0.022604 0.0237342 0.02492091 0.0261669555 0.027475303275 0.02884906843875 0.0302915218606875 0.0318060979537218 0.0333964028514079 0.0350662229939783 0.0368195341436773 0.0386605108508611 0.0405935363934042 0.0426232132130744 0.0447543738737281 0.0469920925674145 0.0493416971957853 0.0518087820555745 0.0543992211583533 0.0571191822162709 0.0599751413270845 0.0629738983934387 0.0661225933131106 0.0694287229787662 0.0729001591277045 0.0765451670840897 0.0803724254382942 
AG1b 0.1824722251592 0.1832162995638582 0.1823364426821963 0.1641001352162287 0.155705395479354 0.1626670564792813 0.1549313553589655 0.15001017615701 0.1452453113736668 0.1406317958986518 0.1361648223315091 0.1318397359721776 0.1276520299706756 0.1235973406308477 0.119671442863283 0.1158702457826643 0.1121897884449616 0.1086262357200278 0.1051758742952952 0.1018351088064096 0.0986004580907695 0.0954685515600654 0.0924361256880418 0.0895000206098194 0.0866571768292357 0.0839046320307723 0.0812395179927463 0.0786590575985511 0.0761605619428297 0.073741427529567 0.0713991335591811 0.0691312393017857 0.0669353815538875 0.0648092721758682 0.0627506957076846 
AG2 0.5129012525085148 0.5143230977 0.5166217484199999 0.519245311898696 0.5215270412984483 0.5238086100510199 0.5260900181733767 0.5284755320130119 0.5308718627776645 0.5332790595158312 0.5356971714984147 0.538126248219733 0.540566339398532 0.5430174949790036 0.5454797651318076 0.5479532002550986 0.5504378509755579 0.5529337681494291 0.55544100286356 0.5579596064364474 0.5604896304192876 0.563031126597032 0.5655841469894469 0.568148743852178 0.5707249696778198 0.573312877196991 0.5759125193794126 0.5785239494349927 0.581147220814916 0.5837823872127369 0.5864295025654791 0.5890886210547398 0.5917597971077979 0.5944430853987289 0.5971385408495234 
AG3 0.107614692 0.125550474 0.143486256 0.161422038 0.17935782 0.18356680996194 0.1877583745006109 0.1919267981728989 0.196066275355892 0.2002950327827679 0.2046149960498266 0.2090281322846293 0.2135364510417442 0.2181420052178125 0.2228468919863503 0.2276532537527119 0.2325632791296504 0.2375792039339187 0.2427033122043655 0.2479379372419893 0.2532854626724245 0.2587483235313434 0.2643290073732674 0.270030055404294 0.2758540636392538 0.2818036840838253 0.2878816259421452 0.2940906568504655 0.3004336041374162 0.3069133561114521 0.3135328633760639 0.3202951401733589 0.3272032657566179 0.3342603857924567 0.3414697137932284 
AG4 0.0 0.0 0.0 0.0 0.0 0.0 0.0 0.0 0.0 0.0012750706683786 0.0026047140239601 0.0039922373041457 0.0054410717858823 0.0069547573063762 0.0085369577310926 0.0101914525091961 0.0119221488662314 0.0137330873388993 0.0156284833191472 0.0176126958545636 0.0196902770279616 0.0218659837737226 0.0241447969160122 0.0265319731383115 0.0290330541650613 0.0316538812372053 0.0344006024833497 0.0372797259806062 0.0402981110066612 0.0434630055927778 0.0467820350493643 0.0502632758562755 0.0539152371940101 0.0577469318208908 0.0617678768186639 
GAN1 0.281321188 0.312178608 0.3308046720000001 0.3639903500000001 0.3987282 0.4140639 0.4293996 0.4447353 0.460071 0.4692724199999999 0.4786578683999999 0.488231025768 0.49799564628336 0.5079555592090272 0.5181146703932078 0.5284769638010719 0.5390465030770932 0.5498274331386351 0.5608239818014079 0.566432221619422 0.5720965438356163 0.5778175092739724 0.5835956843667122 0.5894316412103792 0.595325957622483 0.6012792171987079 0.6072920093706949 0.6133649294644019 0.6194985787590459 0.6256935645466364 0.6319505001921027 0.6382700051940239 0.6446527052459641 0.6510992322984238 0.6576102246214081 
GAN2 0.0328377142857142 0.0346847857142857 0.0365318571428571 0.0383789285714285 0.040226 0.0421619658555196 0.0441911043803014 0.0463178997166006 0.048547051816007 0.0508834868257503 0.0533323679748687 0.0558991069842994 0.0585893760261043 0.0614091202582611 0.0643645709627183 0.0674622593157486 0.0707090308210313 0.0741120604373592 0.0776788684343994 0.0814173370115485 0.0853357277166074 0.0894426997027675 0.0937473288642565 0.0982591278929289 0.1029880673001245 0.1079445974502513 0.1131396716547833 0.118584770377708 0.1242919266059157 0.130273752440595 0.1365434669683983 0.1431149254739693 0.1500026500583885 0.1572218617311998 0.1647885140469368 
GAN3 0.0272816947393243 0.0275563335481225 0.0278309723569207 0.0281056111657188 0.0283805218941296 0.0286551607029277 0.0289297995117259 0.0292125959919447 0.0294981568829296 0.0292548392637679 0.0295146046597126 0.0297752217159514 0.030036577222511 0.0302985468958663 0.0305609943508306 0.0308237699699043 0.0310867096592788 0.0313496334795189 0.0316123441376424 0.0318746253258682 0.0321362398906947 0.0323969278141852 0.0326564039873501 0.0329143557533133 0.0331704401955006 0.0334242811433636 0.033675465865134 0.0339235414137381 0.0341680105882731 0.0344083274692931 0.0346438924815452 0.0348740469326721 0.0350980669706989 0.035315156896798 0.0355243845864263 
FOLU1 0.0931338665240981 0.0929037999999999 0.0955855591699999 0.0983288466698641 0.1010087289206702 0.1036884224919917 0.1063679274037543 0.1092864780727893 0.1122851086890003 0.1153660165066644 0.1185314590688887 0.1217837558618314 0.1251252900143113 0.128558510044051 0.132085931651835 0.1357101395648959 0.1394337894308797 0.1432596097637784 0.147190403943256 0.1512290522688316 0.1553785140704267 0.1596418298768218 0.1640221236436112 0.1685226050422899 0.1731465718121485 0.1778974121767002 0.1827786073264101 0.1877937339695466 0.1929464669530235 0.1982405819551535 0.2036799582522861 0.2092685815613574 0.2150105469604345 0.2209100618893942 0.2269714492329357 
FOLU2 0.0477251 0.0770630279999999 0.10460454744 0.1391589464911999 0.167712397561376 0.1982374396101484 0.2200448508179455 0.2297296638015865 0.2369768905255548 0.2444527437765438 0.2521644359808855 0.2601194070935993 0.2683253317761848 0.2767901268008515 0.2855219586883269 0.2945292515866136 0.3038206953982948 0.3134052541642314 0.3232921747117354 0.3334909955755673 0.3440115562003609 0.3548640064333549 0.3660588163165899 0.377606786188017 0.3895190571012636 0.4018071215741098 0.4144828346760438 0.4275584254655934 0.4410465087884692 0.4549600974479004 0.4693126147589054 0.4841179074986089 0.4993902592650998 0.5151444042577173 0.5313955414920611 
FOLU3 0.0335990308778371 0.0517931930249339 0.0531209812812176 0.0577376279756411 0.0631404939622409 0.065683281398873 0.0697057957770302 0.0752151473934574 0.0808444405347998 0.0866305381974427 0.0925783280264681 0.0986928638992447 0.104979371910431 0.111443256579709 0.1180901072906859 0.124925704969726 0.131956029013809 0.1391872644768594 0.1466258095243512 0.1542782831663711 0.162151533279709 0.1702526449299522 0.1785889490049778 0.187168031171676 0.1959977411681892 0.2050862024444212 0.2144418221640624 0.2240733015818818 0.2339896468105638 0.2442001799919165 0.2547145508878457 0.2655427489070775 0.2766951155842285 0.2881823575284554 0.300015559859579 
FOLU4 0.026298 0.02195 0.012829 0.046375 0.078057 0.010018 0.021877 0.037681 0.19394 0.0503905833333333 0.0508944891666666 0.0514034340583333 0.0519174683989166 0.0524366430829058 0.0529610095137348 0.0534906196088722 0.0540255258049609 0.0545657810630105 0.0551114388736406 0.055662553262377 0.0562191787950008 0.0567813705829508 0.0573491842887803 0.0579226761316681 0.0585019028929848 0.0590869219219147 0.0596777911411338 0.0602745690525451 0.0608773147430706 0.0614860878905013 0.0621009487694063 0.0627219582571004 0.0633491778396714 0.0639826696180681 0.0646224963142488 
NUEVAFOLU 0.2 0.215 0.23 0.245 0.26 0.2750000000000001 0.2900000000000001 0.3050000000000001 0.3200000000000001 0.3373333333333334 0.3570000000000001 0.3790000000000001 0.4015500000000001 0.4246637500000001 0.4483553437500001 0.4726392273437501 0.4975302080273439 0.5230434632280274 0.5491945498087281 0.5759994135539462 0.6034743988927949 0.6316362588651148 0.6605021653367426 0.6900897194701611 0.7204169624569151 0.751502386518338 0.7833649461812964 0.8160240698358288 0.8494996715817245 0.8838121633712676 0.9189824674555492 0.955032029141938 0.9919828298704862 1.0298574006172485 1.0686788356326795 
FermentacionEnterica 0.1644980529999989 0.1660717719999999 0.1676454859999989 0.169219204 0.1707929879999988 0.1723666969999999 0.1739404209999989 0.1755615056577237 0.1771987368681538 0.1779970242669983 0.1787993688925342 0.1796057904804882 0.1804163088774055 0.1812309440413214 0.1820497160424389 0.1828726450638103 0.1836997514020253 0.1845310554679024 0.185366577787188 0.1862063390012584 0.1870503598678293 0.1878986612616686 0.1887512641753166 0.1896081897198107 0.1904694591254153 0.191335093742358 0.1922051150415717 0.1930795446154415 0.1939584041785574 0.1948417155684742 0.1957295007464751 0.1966217817983432 0.1975185809351377 0.1984199204939764 0.1993258229388246 
GestionEstiercol1 0.0057362487799999 0.0058276596899999 0.0059190698299999 0.0060104797399999 0.0061018922699999 0.0060776549599999 0.0061690660199999 0.0062410355927507 0.0063140359191809 0.0063843343447764 0.0064592230499183 0.0065351773017861 0.0066122129521219 0.0066903460615074 0.0067695928973576 0.0068499699312915 0.0069314938358046 0.007014181480162 0.0070980499254186 0.0071831164184666 0.0072693983849957 0.0073569134212413 0.0074456792843803 0.0075357138814199 0.0076270352564073 0.0077196615757679 0.0078136111115603 0.0079089022224105 0.0080055533318642 0.0081035829038637 0.0082030094150262 0.0083038513233627 0.0084061270330365 0.0085098548547171 0.0086150525578988 
GestionEstiercol2 0.0005828704247158 0.0005908761936024 0.0005988818954456 0.0006068875228949 0.000614894288944 0.0006157245813312 0.0006237303633043 0.0006306061188457 0.0006375718183915 0.0006430185144942 0.0006500728134791 0.0006572148824151 0.0006644456239018 0.0006717659271545 0.0006791766652412 0.0006866786920162 0.0006942728387168 0.0007019599101876 0.000709740680691 0.0007176158892607 0.0007255862345494 0.0007336523691129 0.0007418148930742 0.0007500743470961 0.0007584312045902 0.0007668858630781 0.0007754386346124 0.0007840897351555 0.0007928392728026 0.000801687234722 0.0008106334726732 0.0008196776869459 0.0008288194085489 0.000838057979454 0.00084739235752 
CultivoArroz 0.0243180448895999 0.0215889050823599 0.0205367954945999 0.0215394721634399 0.02217029523324 0.0228011183030399 0.02343194137284 0.02343194137284 0.02343194137284 0.02343194137284 0.02343194137284 0.02343194137284 0.02343194137284 0.02343194137284 0.02343194137284 0.02343194137284 0.02343194137284 0.02343194137284 0.02343194137284 0.02343194137284 0.02343194137284 0.02343194137284 0.02343194137284 0.02343194137284 0.02343194137284 0.02343194137284 0.02343194137284 0.02343194137284 0.02343194137284 0.02343194137284 0.02343194137284 0.02343194137284 0.02343194137284 0.02343194137284 0.02343194137284 
SuelosAgricolas 1.299960953518415 1.3479312594206967 1.4618460805703406 1.2765589335144492 0.9613384543908952 0.9292038217765842 0.85540137999395 0.85540137999395 0.85540137999395 0.85540137999395 0.85540137999395 0.85540137999395 0.85540137999395 0.85540137999395 0.85540137999395 0.85540137999395 0.85540137999395 0.85540137999395 0.85540137999395 0.85540137999395 0.85540137999395 0.85540137999395 0.85540137999395 0.85540137999395 0.85540137999395 0.85540137999395 0.85540137999395 0.85540137999395 0.85540137999395 0.85540137999395 0.85540137999395 0.85540137999395 0.85540137999395 0.85540137999395 0.85540137999395 
OtrosAgricolas 0.8392200000000001 0.6120099999999999 0.39857 0.5353300000000001 0.58241 0.40493 0.4162099999999999 0.4162099999999999 0.4162099999999999 0.4162099999999999 0.4162099999999999 0.4162099999999999 0.4162099999999999 0.4162099999999999 0.4162099999999999 0.4162099999999999 0.4162099999999999 0.4162099999999999 0.4162099999999999 0.4162099999999999 0.4162099999999999 0.4162099999999999 0.4162099999999999 0.4162099999999999 0.4162099999999999 0.4162099999999999 0.4162099999999999 0.4162099999999999 0.4162099999999999 0.4162099999999999 0.4162099999999999 0.4162099999999999 0.4162099999999999 0.4162099999999999 0.4162099999999999 
;

param TotalTechnologyAnnualActivityUpperLimit default 99999 :=
[Guatemala,*,*]:
2016 2017 2018 2019 2020 2021 2022 2023 2024 2025 2026 2027 2028 2029 2030 2031 2032 2033 2034 2035 2036 2037 2038 2039 2040 2041 2042 2043 2044 2045 2046 2047 2048 2049 2050 :=
Bosques 3.534276 3.522682 3.499313 3.478119 3.454614 3.431109 3.407607 3.371220859045541 3.3327788311026807 3.315243440528444 3.299844816016618 3.28665291253291 3.275729609542268 3.2671283524523247 3.260893840557816 3.2543362339453084 3.2474511671371613 3.2402341661203016 3.232680645638742 3.224785906415428 3.216545132301584 3.207953387351637 3.199005612821737 3.189696624089901 3.1800211074956475 3.16997361709705 3.1595485713429823 3.148740249658373 3.1375427889400984 3.125950179961203 3.1139562636810147 3.1015547274586392 3.088739101167321 3.0755027532070085 3.061838886412454 
Plantaciones 0.093134 0.092904 0.095586 0.098329 0.101009 0.103688 0.106368 0.1092865526609495 0.1122851853237298 0.1153660952441173 0.1185315399667602 0.1217838389793997 0.1251253754124808 0.1285585977853975 0.1320860218006513 0.1357102321872387 0.1394338845946182 0.1432597075386442 0.1471905044008938 0.151229155482852 0.1553786201164602 0.1596419388325737 0.1640222355889191 0.1685227200591821 0.1731466899849039 0.1778975335919102 0.182778732073042 0.1877938621390089 0.1929465986392325 0.1982407172546027 0.2036800972641165 0.2092687243874303 0.2150106937054061 0.2209102126607923 0.2269716041412384 
CultivosGenerales 1.565284979700029 1.5659558005000007 1.5883676450000008 1.6117880503668542 1.6341563964787331 1.6565231677273813 1.6788883642791166 1.7024341629946782 1.7262123644079856 1.744273301625899 1.7604619292405277 1.7747252566544094 1.787016665439351 1.797296163310369 1.805530600697161 1.8138027647316035 1.8221128282609569 1.8304609649243933 1.8388473491566248 1.8472721561915488 1.8557355620659075 1.864237743622969 1.8727788785162205 1.8813591452130811 1.889978722998632 1.8986377919793596 1.9073365330869207 1.9160751280819253 1.9248537595577304 1.933672610944257 1.9425318665118243 1.9514317113749984 1.9603723314964596 1.96935391369089 1.9783766456288765 
CultivosPermanentes 0.3548493163740183 0.3553330898 0.37410540397 0.3931237115205698 0.4118932787639094 0.4306615245192354 0.449428448926104 0.4710508473238975 0.4932689115254971 0.5000661935511683 0.5063642545564288 0.5121426836293543 0.5173826799029021 0.5220671547757527 0.5261808249727284 0.530326909165365 0.5345056627623517 0.5387173431848917 0.5429622098825593 0.5472405243492822 0.5515525501394508 0.5558985528841537 0.5602788003075407 0.5646935622433159 0.5691431106513596 0.573627719634482 0.5781476654553086 0.5827032265532983 0.5872946835618962 0.5919223193258213 0.5965864189184901 0.6012872696595783 0.6060251611327203 0.6108003852033476 0.6156132360366691 
SAF 0.5129012525085148 0.5143230977 0.5166217484199999 0.519245311898696 0.5215270412984483 0.5238086100510199 0.5260900181733767 0.5284755320130119 0.5308718627776645 0.5332790595158312 0.5356971714984147 0.538126248219733 0.540566339398532 0.5430174949790036 0.5454797651318076 0.5479532002550986 0.5504378509755579 0.5529337681494291 0.55544100286356 0.5579596064364474 0.5604896304192876 0.563031126597032 0.5655841469894469 0.568148743852178 0.5707249696778198 0.573312877196991 0.5759125193794126 0.5785239494349927 0.581147220814916 0.5837823872127369 0.5864295025654791 0.5890886210547398 0.5917597971077979 0.5944430853987289 0.5971385408495234 
Pastos 4.362174735607344 4.371267446699999 4.34464140926 4.313901131030305 4.287490827565376 4.2610823835412655 4.234675798761608 4.217513360280127 4.20042047831457 4.183396870963918 4.166442257469649 4.149556358211109 4.1327388947009 4.1159895895802885 4.0993081666146285 4.082694350688807 4.066147867802708 4.049668445066692 4.033255810697095 4.0169096940117495 4.000629825425516 3.98441593644584 3.96826775966832 3.9521850287723046 3.936167478516493 3.9202148447345615 3.904326864330816 3.888503275275836 3.872743816602169 3.85704822840002 3.8414162518129618 3.8258476290336736 3.8103421032996816 3.7948994188891296 3.779519321116559 
Humedales 0.2393717997690632 0.2394427828999999 0.2396343371099999 0.2399760540271988 0.2401592732669588 0.2403424796070058 0.2405256730487023 0.2407428463028758 0.2409602156451496 0.241177781252574 0.2413955433023588 0.2416135019718739 0.2418316574386496 0.2420500098803762 0.2422685594749045 0.2424873064002459 0.2427062508345726 0.2429253929562175 0.2431447329436749 0.2433642709755997 0.2435840072308086 0.2438039418882794 0.2440240751271519 0.2442444071267273 0.2444649380664687 0.2446856681260015 0.244906597485113 0.2451277263237531 0.245349054822034 0.2455705831602305 0.2457923115187803 0.246014240078284 0.2462363690195051 0.2464586985233706 0.2466812287709705 
Asentamientos 0.1560581803267494 0.1561166942000001 0.1580322364500001 0.1600479271507276 0.1619589669496328 0.1638698722000874 0.1657806429163008 0.1677840783531829 0.1698117250217212 0.1718638755111988 0.1739408259467986 0.1760428760323342 0.1781703290934969 0.1803234921216261 0.1825026758180073 0.184708194638707 0.1869403668399485 0.1891995145240359 0.1914859636858341 0.1938000442598093 0.1961420901676385 0.1985124393663949 0.2009114338973145 0.203339419935153 0.2057967478381387 0.2082837721985291 0.2108008518937784 0.2133483501383241 0.215926634535998 0.218536077133072 0.2211770544719441 0.2238499476454735 0.2265551423519723 0.2292930289508617 0.2320640025190009 
OtrasTierras 0.0708493702118993 0.0708750634999999 0.0725990515099999 0.0743695755664632 0.0760919641711396 0.0778142315095199 0.0795363775944108 0.0813917610257362 0.0832904258810006 0.0852333818068499 0.087221662002444 0.0892563237688779 0.0913384490714191 0.0934691451148605 0.0956495449322951 0.0978808079876252 0.1001641207921267 0.1025006975353961 0.1048917807310159 0.1073386418772824 0.1098425821333455 0.1124049330111222 0.1150270570833496 0.1177103487081566 0.1204562347705362 0.1232661754411156 0.1261416649526265 0.1290842323944879 0.1320954425259249 0.1351768966080558 0.1383302332553888 0.1415571293071832 0.1448593007191359 0.1482385034758699 0.1516965345247082 
Deforestacion 0.03831 0.036306 0.03831 0.032047 0.038585 0.038677 0.038674 0.038674 0.038674 0.038674 0.038674 0.038674 0.038674 0.038674 0.038674 0.038674 0.038674 0.038674 0.038674 0.038674 0.038674 0.038674 0.038674 0.038674 0.038674 0.038674 0.038674 0.038674 0.038674 0.038674 0.038674 0.038674 0.038674 0.038674 0.038674 
Restauracion 0.017623 0.024483 0.017623 0.018 0.017613 0.017611 0.017609 0.0022878590455409 0.0002319720571396 0.0211386094257634 0.0232753754881739 0.0254820965162917 0.027750697009358 0.0300727429100568 0.0324394881054909 0.0321163933874927 0.0317889331918529 0.0314569989831402 0.0311204795184402 0.030779260776686 0.030433225886156 0.0300822550500529 0.0297262254700997 0.0293650112681646 0.0289984834057463 0.0286265096014025 0.0282489542459322 0.0278656783153909 0.0274765392817252 0.0270813910211044 0.0266800837198119 0.0262724637776245 0.0258583737086818 0.0254376520396874 0.0250101332054454 
AreaIncendiada 0.013122886374892 0.013122886374892 0.020088888070402 0.0551456935627989 0.0757143879556796 0.0355601843074755 0.018935507387443 0.020088888070402 0.020289776951106 0.0204926747206171 0.0206976014678232 0.0209045774825015 0.0211136232573265 0.0213247594898998 0.0215380070847988 0.0217533871556467 0.0219709210272032 0.0221906302374753 0.02241253653985 0.0226366619052485 0.022863028524301 0.023091658809544 0.0233225753976394 0.0235558011516158 0.023791359163132 0.0240292727547633 0.024269565482311 0.0245122611371341 0.0247573837485054 0.0250049575859905 0.0252550071618504 0.0255075572334689 0.0257626328058036 0.0260202591338616 0.0262804617252002 
Lena 10.66684333049899 10.907888275498989 11.152997786249 11.258735351254002 11.407462543226345 11.475726002452229 11.571580816627254 11.669012109364015 11.762056183215698 11.843181648176222 11.912246872823586 11.969145542268546 12.020058088353478 12.064981481228202 12.10390765728022 12.136849246906266 12.16382000085627 12.184835407249588 12.199879854267028 12.208953759638195 12.21176883579111 12.208471739619696 12.198993436620968 12.183220609289076 12.161087227267966 12.132473621453473 12.097259428841015 12.055314322041742 12.006498096926686 11.95067177759312 11.88769774062244 11.8174256563239 11.739710443848368 11.654396880761052 11.561330195941247 
Lena_total 15.34008280688429 15.56409279023094 15.792769952258077 15.962993088271396 16.10454503732149 16.164481800805138 16.252761624094106 16.34278807798443 16.428683804315817 16.440101730246052 16.438065274993924 16.4226035120799 16.40225227930565 16.376953062749294 16.346643500739063 16.311283884398627 16.270836976561696 16.225268611058198 16.174513620819617 16.11852453134465 16.01571691350208 15.937704734540086 15.85249238702992 15.75851725269576 15.664958469143665 15.565733846833323 15.46119652973464 15.35210604681208 15.237190700824716 15.117206979733162 14.991346442358086 14.859222446134208 14.720670070980647 14.575293207357095 14.422800445248008 
Estufa_nueva 0.015 0.015 0.015 0.015 0.015 0.015 0.015 0.015 0.015 0.0173333333333333 0.0196666666666666 0.022 0.0225499999999999 0.0231137499999999 0.0236915937499999 0.0242838835937499 0.0248909806835937 0.0255132552006835 0.0261510865807006 0.0268048637452181 0.0274749853388486 0.0281618599723198 0.0288659064716278 0.0295875541334185 0.0303272429867539 0.0310854240614228 0.0318625596629584 0.0326591236545323 0.0334756017458956 0.034312491789543 0.0351703040842816 0.0360495616863886 0.0369508007285483 0.037874570746762 0.0388214350154311 
Estufa_stock 0.2 0.215 0.23 0.245 0.26 0.2750000000000001 0.2900000000000001 0.3050000000000001 0.3200000000000001 0.3373333333333334 0.3570000000000001 0.3790000000000001 0.4015500000000001 0.4246637500000001 0.4483553437500001 0.4726392273437501 0.4975302080273439 0.5230434632280274 0.5491945498087281 0.5759994135539462 0.6034743988927949 0.6316362588651148 0.6605021653367426 0.6900897194701611 0.7204169624569151 0.751502386518338 0.7833649461812964 0.8160240698358288 0.8494996715817245 0.8838121633712676 0.9189824674555492 0.955032029141938 0.9919828298704862 1.0298574006172485 1.0686788356326795 
Casas_lena 1.7460339012267838 1.757518320613392 1.76900274 1.7990203319564833 1.818666555489788 1.8376198868487716 1.857608122641692 1.8778788429692783 1.8977923523691385 1.9102187923465583 1.92245842355701 1.9345100670303144 1.946368212902598 1.9580325257254672 1.9695024381947983 1.9807798088649144 1.991866916643036 2.002766527380517 2.013478476785401 2.024004553907542 2.028953107217476 2.037611613642221 2.045837560718532 2.0534290365866137 2.0616246140451158 2.069627963887362 2.0775016248001528 2.085367638183198 2.093068343915037 2.100728684693173 2.108254477653483 2.1156103963042847 2.122792769382286 2.129764674501984 2.1365041603714583 
AG1a 0.0152992769392964 0.0160642407862612 0.0168674528255743 0.017710825466853 0.0185963667401956 0.0195261850772054 0.0205024943310657 0.021527619047619 0.022604 0.0237342 0.02492091 0.0261669555 0.027475303275 0.02884906843875 0.0302915218606875 0.0318060979537218 0.0333964028514079 0.0350662229939783 0.0368195341436773 0.0386605108508611 0.0405935363934042 0.0426232132130744 0.0447543738737281 0.0469920925674145 0.0493416971957853 0.0518087820555745 0.0543992211583533 0.0571191822162709 0.0599751413270845 0.0629738983934387 0.0661225933131106 0.0694287229787662 0.0729001591277045 0.0765451670840897 0.0803724254382942 
AG1b 0.1824722251592 0.1832162995638582 0.1823364426821963 0.1641001352162287 0.155705395479354 0.1626670564792813 0.1549313553589655 0.15001017615701 0.1452453113736668 0.1406317958986518 0.1361648223315091 0.1318397359721776 0.1276520299706756 0.1235973406308477 0.119671442863283 0.1158702457826643 0.1121897884449616 0.1086262357200278 0.1051758742952952 0.1018351088064096 0.0986004580907695 0.0954685515600654 0.0924361256880418 0.0895000206098194 0.0866571768292357 0.0839046320307723 0.0812395179927463 0.0786590575985511 0.0761605619428297 0.073741427529567 0.0713991335591811 0.0691312393017857 0.0669353815538875 0.0648092721758682 0.0627506957076846 
AG2 0.5129012525085148 0.5143230977 0.5166217484199999 0.519245311898696 0.5215270412984483 0.5238086100510199 0.5260900181733767 0.5284755320130119 0.5308718627776645 0.5332790595158312 0.5356971714984147 0.538126248219733 0.540566339398532 0.5430174949790036 0.5454797651318076 0.5479532002550986 0.5504378509755579 0.5529337681494291 0.55544100286356 0.5579596064364474 0.5604896304192876 0.563031126597032 0.5655841469894469 0.568148743852178 0.5707249696778198 0.573312877196991 0.5759125193794126 0.5785239494349927 0.581147220814916 0.5837823872127369 0.5864295025654791 0.5890886210547398 0.5917597971077979 0.5944430853987289 0.5971385408495234 
AG3 0.107614692 0.125550474 0.143486256 0.161422038 0.17935782 0.18356680996194 0.1877583745006109 0.1919267981728989 0.196066275355892 0.2002950327827679 0.2046149960498266 0.2090281322846293 0.2135364510417442 0.2181420052178125 0.2228468919863503 0.2276532537527119 0.2325632791296504 0.2375792039339187 0.2427033122043655 0.2479379372419893 0.2532854626724245 0.2587483235313434 0.2643290073732674 0.270030055404294 0.2758540636392538 0.2818036840838253 0.2878816259421452 0.2940906568504655 0.3004336041374162 0.3069133561114521 0.3135328633760639 0.3202951401733589 0.3272032657566179 0.3342603857924567 0.3414697137932284 
AG4 0.0 0.0 0.0 0.0 0.0 0.0 0.0 0.0 0.0 0.0012750706683786 0.0026047140239601 0.0039922373041457 0.0054410717858823 0.0069547573063762 0.0085369577310926 0.0101914525091961 0.0119221488662314 0.0137330873388993 0.0156284833191472 0.0176126958545636 0.0196902770279616 0.0218659837737226 0.0241447969160122 0.0265319731383115 0.0290330541650613 0.0316538812372053 0.0344006024833497 0.0372797259806062 0.0402981110066612 0.0434630055927778 0.0467820350493643 0.0502632758562755 0.0539152371940101 0.0577469318208908 0.0617678768186639 
GAN1 0.281321188 0.312178608 0.3308046720000001 0.3639903500000001 0.3987282 0.4140639 0.4293996 0.4447353 0.460071 0.4692724199999999 0.4786578683999999 0.488231025768 0.49799564628336 0.5079555592090272 0.5181146703932078 0.5284769638010719 0.5390465030770932 0.5498274331386351 0.5608239818014079 0.566432221619422 0.5720965438356163 0.5778175092739724 0.5835956843667122 0.5894316412103792 0.595325957622483 0.6012792171987079 0.6072920093706949 0.6133649294644019 0.6194985787590459 0.6256935645466364 0.6319505001921027 0.6382700051940239 0.6446527052459641 0.6510992322984238 0.6576102246214081 
GAN2 0.0328377142857142 0.0346847857142857 0.0365318571428571 0.0383789285714285 0.040226 0.0421619658555196 0.0441911043803014 0.0463178997166006 0.048547051816007 0.0508834868257503 0.0533323679748687 0.0558991069842994 0.0585893760261043 0.0614091202582611 0.0643645709627183 0.0674622593157486 0.0707090308210313 0.0741120604373592 0.0776788684343994 0.0814173370115485 0.0853357277166074 0.0894426997027675 0.0937473288642565 0.0982591278929289 0.1029880673001245 0.1079445974502513 0.1131396716547833 0.118584770377708 0.1242919266059157 0.130273752440595 0.1365434669683983 0.1431149254739693 0.1500026500583885 0.1572218617311998 0.1647885140469368 
GAN3 0.0272816947393243 0.0275563335481225 0.0278309723569207 0.0281056111657188 0.0283805218941296 0.0286551607029277 0.0289297995117259 0.0292125959919447 0.0294981568829296 0.0292548392637679 0.0295146046597126 0.0297752217159514 0.030036577222511 0.0302985468958663 0.0305609943508306 0.0308237699699043 0.0310867096592788 0.0313496334795189 0.0316123441376424 0.0318746253258682 0.0321362398906947 0.0323969278141852 0.0326564039873501 0.0329143557533133 0.0331704401955006 0.0334242811433636 0.033675465865134 0.0339235414137381 0.0341680105882731 0.0344083274692931 0.0346438924815452 0.0348740469326721 0.0350980669706989 0.035315156896798 0.0355243845864263 
FOLU1 0.0931338665240981 0.0929037999999999 0.0955855591699999 0.0983288466698641 0.1010087289206702 0.1036884224919917 0.1063679274037543 0.1092864780727893 0.1122851086890003 0.1153660165066644 0.1185314590688887 0.1217837558618314 0.1251252900143113 0.128558510044051 0.132085931651835 0.1357101395648959 0.1394337894308797 0.1432596097637784 0.147190403943256 0.1512290522688316 0.1553785140704267 0.1596418298768218 0.1640221236436112 0.1685226050422899 0.1731465718121485 0.1778974121767002 0.1827786073264101 0.1877937339695466 0.1929464669530235 0.1982405819551535 0.2036799582522861 0.2092685815613574 0.2150105469604345 0.2209100618893942 0.2269714492329357 
FOLU2 0.0477251 0.0770630279999999 0.10460454744 0.1391589464911999 0.167712397561376 0.1982374396101484 0.2200448508179455 0.2297296638015865 0.2369768905255548 0.2444527437765438 0.2521644359808855 0.2601194070935993 0.2683253317761848 0.2767901268008515 0.2855219586883269 0.2945292515866136 0.3038206953982948 0.3134052541642314 0.3232921747117354 0.3334909955755673 0.3440115562003609 0.3548640064333549 0.3660588163165899 0.377606786188017 0.3895190571012636 0.4018071215741098 0.4144828346760438 0.4275584254655934 0.4410465087884692 0.4549600974479004 0.4693126147589054 0.4841179074986089 0.4993902592650998 0.5151444042577173 0.5313955414920611 
FOLU3 0.0335990308778371 0.0517931930249339 0.0531209812812176 0.0577376279756411 0.0631404939622409 0.065683281398873 0.0697057957770302 0.0752151473934574 0.0808444405347998 0.0866305381974427 0.0925783280264681 0.0986928638992447 0.104979371910431 0.111443256579709 0.1180901072906859 0.124925704969726 0.131956029013809 0.1391872644768594 0.1466258095243512 0.1542782831663711 0.162151533279709 0.1702526449299522 0.1785889490049778 0.187168031171676 0.1959977411681892 0.2050862024444212 0.2144418221640624 0.2240733015818818 0.2339896468105638 0.2442001799919165 0.2547145508878457 0.2655427489070775 0.2766951155842285 0.2881823575284554 0.300015559859579 
FOLU4 0.026298 0.02195 0.012829 0.046375 0.078057 0.010018 0.021877 0.037681 0.19394 0.0503905833333333 0.0508944891666666 0.0514034340583333 0.0519174683989166 0.0524366430829058 0.0529610095137348 0.0534906196088722 0.0540255258049609 0.0545657810630105 0.0551114388736406 0.055662553262377 0.0562191787950008 0.0567813705829508 0.0573491842887803 0.0579226761316681 0.0585019028929848 0.0590869219219147 0.0596777911411338 0.0602745690525451 0.0608773147430706 0.0614860878905013 0.0621009487694063 0.0627219582571004 0.0633491778396714 0.0639826696180681 0.0646224963142488 
NUEVAFOLU 0.2 0.215 0.23 0.245 0.26 0.2750000000000001 0.2900000000000001 0.3050000000000001 0.3200000000000001 0.3373333333333334 0.3570000000000001 0.3790000000000001 0.4015500000000001 0.4246637500000001 0.4483553437500001 0.4726392273437501 0.4975302080273439 0.5230434632280274 0.5491945498087281 0.5759994135539462 0.6034743988927949 0.6316362588651148 0.6605021653367426 0.6900897194701611 0.7204169624569151 0.751502386518338 0.7833649461812964 0.8160240698358288 0.8494996715817245 0.8838121633712676 0.9189824674555492 0.955032029141938 0.9919828298704862 1.0298574006172485 1.0686788356326795 
FermentacionEnterica 0.1644980529999989 0.1660717719999999 0.1676454859999989 0.169219204 0.1707929879999988 0.1723666969999999 0.1739404209999989 0.1755615056577237 0.1771987368681538 0.1779970242669983 0.1787993688925342 0.1796057904804882 0.1804163088774055 0.1812309440413214 0.1820497160424389 0.1828726450638103 0.1836997514020253 0.1845310554679024 0.185366577787188 0.1862063390012584 0.1870503598678293 0.1878986612616686 0.1887512641753166 0.1896081897198107 0.1904694591254153 0.191335093742358 0.1922051150415717 0.1930795446154415 0.1939584041785574 0.1948417155684742 0.1957295007464751 0.1966217817983432 0.1975185809351377 0.1984199204939764 0.1993258229388246 
GestionEstiercol1 0.0057362487799999 0.0058276596899999 0.0059190698299999 0.0060104797399999 0.0061018922699999 0.0060776549599999 0.0061690660199999 0.0062410355927507 0.0063140359191809 0.0063843343447764 0.0064592230499183 0.0065351773017861 0.0066122129521219 0.0066903460615074 0.0067695928973576 0.0068499699312915 0.0069314938358046 0.007014181480162 0.0070980499254186 0.0071831164184666 0.0072693983849957 0.0073569134212413 0.0074456792843803 0.0075357138814199 0.0076270352564073 0.0077196615757679 0.0078136111115603 0.0079089022224105 0.0080055533318642 0.0081035829038637 0.0082030094150262 0.0083038513233627 0.0084061270330365 0.0085098548547171 0.0086150525578988 
GestionEstiercol2 0.0005828704247158 0.0005908761936024 0.0005988818954456 0.0006068875228949 0.000614894288944 0.0006157245813312 0.0006237303633043 0.0006306061188457 0.0006375718183915 0.0006430185144942 0.0006500728134791 0.0006572148824151 0.0006644456239018 0.0006717659271545 0.0006791766652412 0.0006866786920162 0.0006942728387168 0.0007019599101876 0.000709740680691 0.0007176158892607 0.0007255862345494 0.0007336523691129 0.0007418148930742 0.0007500743470961 0.0007584312045902 0.0007668858630781 0.0007754386346124 0.0007840897351555 0.0007928392728026 0.000801687234722 0.0008106334726732 0.0008196776869459 0.0008288194085489 0.000838057979454 0.00084739235752 
CultivoArroz 0.0243180448895999 0.0215889050823599 0.0205367954945999 0.0215394721634399 0.02217029523324 0.0228011183030399 0.02343194137284 0.02343194137284 0.02343194137284 0.02343194137284 0.02343194137284 0.02343194137284 0.02343194137284 0.02343194137284 0.02343194137284 0.02343194137284 0.02343194137284 0.02343194137284 0.02343194137284 0.02343194137284 0.02343194137284 0.02343194137284 0.02343194137284 0.02343194137284 0.02343194137284 0.02343194137284 0.02343194137284 0.02343194137284 0.02343194137284 0.02343194137284 0.02343194137284 0.02343194137284 0.02343194137284 0.02343194137284 0.02343194137284 
SuelosAgricolas 1.299960953518415 1.3479312594206967 1.4618460805703406 1.2765589335144492 0.9613384543908952 0.9292038217765842 0.85540137999395 0.85540137999395 0.85540137999395 0.85540137999395 0.85540137999395 0.85540137999395 0.85540137999395 0.85540137999395 0.85540137999395 0.85540137999395 0.85540137999395 0.85540137999395 0.85540137999395 0.85540137999395 0.85540137999395 0.85540137999395 0.85540137999395 0.85540137999395 0.85540137999395 0.85540137999395 0.85540137999395 0.85540137999395 0.85540137999395 0.85540137999395 0.85540137999395 0.85540137999395 0.85540137999395 0.85540137999395 0.85540137999395 
OtrosAgricolas 0.8392200000000001 0.6120099999999999 0.39857 0.5353300000000001 0.58241 0.40493 0.4162099999999999 0.4162099999999999 0.4162099999999999 0.4162099999999999 0.4162099999999999 0.4162099999999999 0.4162099999999999 0.4162099999999999 0.4162099999999999 0.4162099999999999 0.4162099999999999 0.4162099999999999 0.4162099999999999 0.4162099999999999 0.4162099999999999 0.4162099999999999 0.4162099999999999 0.4162099999999999 0.4162099999999999 0.4162099999999999 0.4162099999999999 0.4162099999999999 0.4162099999999999 0.4162099999999999 0.4162099999999999 0.4162099999999999 0.4162099999999999 0.4162099999999999 0.4162099999999999 
;

param VariableCost default 0 :=
[Guatemala,GAN1,*,*]:
2016 2017 2018 2019 2020 2021 2022 2023 2024 2025 2026 2027 2028 2029 2030 2031 2032 2033 2034 2035 2036 2037 2038 2039 2040 2041 2042 2043 2044 2045 2046 2047 2048 2049 2050 :=
1 -15.416401102399988 -17.107387718399988 -18.12809602559999 -19.94667117999999 -21.850305359999982 -22.690701719999986 -23.531098079999985 -24.371494439999974 -25.211890799999978 -25.716128615999978 -26.23045118831998 -26.755060212086377 -27.290161416328107 -27.83596464465467 -28.39268393754776 -28.960537616298712 -29.53974836862469 -30.130543335997174 -30.733154202717124 -31.0404857447443 -31.350890602191743 -31.66439950821366 -31.9810435032958 -32.30085393832876 -32.623862477712045 -32.950101102489164 -33.27960211351406 -33.6123981346492 -33.948522115995694 -34.28800733715565 -34.6308874105272 -34.97719628463248 -35.3269682474788 -35.68023792995359 -36.037040309253136 
[Guatemala,AG3,*,*]:
2016 2017 2018 2019 2020 2021 2022 2023 2024 2025 2026 2027 2028 2029 2030 2031 2032 2033 2034 2035 2036 2037 2038 2039 2040 2041 2042 2043 2044 2045 2046 2047 2048 2049 2050 :=
1 58.42509243372001 68.16260783934 77.90012324496001 87.63763865058002 97.37515405620002 99.66025679643684 101.9358991001267 104.1989779960486 106.44634155346736 108.74217624809256 111.08752750541142 113.48346329864812 115.93107463507336 118.43147605280264 120.98580612830948 123.59522799488488 126.26092987227854 128.98412560776384 131.76605522887212 134.60798550804844 137.51121053948603 140.47705232840167 143.50686139302067 146.6020173795453 149.76392969038733 152.9940381259496 156.29381354025008 159.66475851068623 163.1084080222447 166.62633016646848 170.2201268554989 173.89143455151833 177.64192501192545 181.47330605058264 185.38732231548167 
[Guatemala,AG2,*,*]:
2016 2017 2018 2019 2020 2021 2022 2023 2024 2025 2026 2027 2028 2029 2030 2031 2032 2033 2034 2035 2036 2037 2038 2039 2040 2041 2042 2043 2044 2045 2046 2047 2048 2049 2050 :=
1 97.84617194104936 98.11741734822898 98.55593094608336 99.05642815091424 99.49171366850496 99.92696853943303 100.36219276693508 100.81727724212226 101.27442526209506 101.7336461838351 102.19494940675256 102.65834437287846 103.12384056705795 103.59144751714452 104.06117479419494 104.53303201266516 105.00702883060715 105.48317494986658 105.96148011628134 106.44195411988105 106.92460679508748 107.4094480209158 107.89648772117678 108.38573586467996 108.87720246543768 109.37089758286996 109.86683132201053 110.36501383371356 110.8654553148615 111.3681660085738 111.87315620441645 112.3804362386127 112.8900164942546 113.40190740151552 113.9161194378636 
[Guatemala,GAN2,*,*]:
2016 2017 2018 2019 2020 2021 2022 2023 2024 2025 2026 2027 2028 2029 2030 2031 2032 2033 2034 2035 2036 2037 2038 2039 2040 2041 2042 2043 2044 2045 2046 2047 2048 2049 2050 :=
1 18.34872961142857 19.380817713571428 20.41290581571429 21.444993917857143 22.47708202 23.558841661088728 24.69266339458105 25.881052824644925 27.12663614323026 28.43216593362452 29.800527253317423 31.234744009616985 32.73798564210632 34.313574126708595 35.96499131683814 37.69588663786087 39.510085151867706 41.41159601058323 43.404621315089365 45.49356540194301 47.68304457620872 49.9778973129154 52.38319494948063 54.90425289273188 57.54664236529057 60.316202717276965 63.21905433054329 66.26161214395191 69.45059982958753 72.79306465123129 76.29639303793194 79.96832690708983 83.81698077312575 87.85085967954251 92.0788779940069 
[Guatemala,AG1a,*,*]:
2016 2017 2018 2019 2020 2021 2022 2023 2024 2025 2026 2027 2028 2029 2030 2031 2032 2033 2034 2035 2036 2037 2038 2039 2040 2041 2042 2043 2044 2045 2046 2047 2048 2049 2050 :=
1 -6.799916628439696 -7.13991245986168 -7.496908082854764 -7.871753486997504 -8.26534116134738 -8.67860821941475 -9.112538630385489 -9.56816556190476 -10.046573840000002 -10.548902532 -11.076347658600003 -11.630165041530002 -12.211673293606504 -12.822256958286829 -13.463369806201172 -14.136538296511231 -14.843365211336794 -15.585533471903636 -16.36481014549882 -17.183050652773762 -18.042203185412447 -18.94431334468307 -19.89152901191722 -20.88610546251309 -21.93041073563874 -23.02693127242068 -24.178277836041712 -25.3871917278438 -26.65655131423599 -27.98937887994779 -29.38884782394518 -30.85829021514244 -32.40120472589956 -34.02126496219454 -35.72232821030427 
[Guatemala,FOLU4,*,*]:
2016 2017 2018 2019 2020 2021 2022 2023 2024 2025 2026 2027 2028 2029 2030 2031 2032 2033 2034 2035 2036 2037 2038 2039 2040 2041 2042 2043 2044 2045 2046 2047 2048 2049 2050 :=
1 3.15733788 2.635317 1.54024974 5.5677825 9.37152342 1.20276108 2.62655262 4.52398086 23.2844364 6.049893435 6.11039236935 6.171496293043499 6.233211255973934 6.295543368533672 6.35849880221901 6.4220837902412 6.486304628143612 6.551167674425049 6.616679351169299 6.682846144680993 6.749674606127803 6.8171713521890815 6.885343065710972 6.954196496368082 7.023738461331764 7.093975845945081 7.164915604404532 7.236564760448576 7.308930408053062 7.382019712133593 7.455839909254928 7.530398308347477 7.605702291430953 7.681759314345263 7.758576907488715 
[Guatemala,FOLU2,*,*]:
2016 2017 2018 2019 2020 2021 2022 2023 2024 2025 2026 2027 2028 2029 2030 2031 2032 2033 2034 2035 2036 2037 2038 2039 2040 2041 2042 2043 2044 2045 2046 2047 2048 2049 2050 :=
1 4.903276773999999 7.917455496719998 10.7470712039856 14.297190162505885 17.230771725455767 20.36691454554665 22.60740797303572 23.602425658975005 24.347005732595505 25.11507489560212 25.907374152676184 26.724667884796396 27.56774458668523 28.437417627519487 29.33452603563871 30.25993530800868 31.21453824522081 32.19925581283314 33.215038029883694 34.262864885433785 35.34374728402507 36.45872802096289 37.60888278836645 38.795321212956864 40.01918792658382 41.28166367052405 42.58396643461674 43.927352632335065 45.31311831292732 46.74260041179728 48.217178040329934 49.73827381640708 51.30735523689635 52.92593609343788 54.59557793289436 
[Guatemala,AG4,*,*]:
2016 2017 2018 2019 2020 2021 2022 2023 2024 2025 2026 2027 2028 2029 2030 2031 2032 2033 2034 2035 2036 2037 2038 2039 2040 2041 2042 2043 2044 2045 2046 2047 2048 2049 2050 :=
1 0.0 0.0 0.0 0.0 0.0 0.0 0.0 0.0 0.0 -0.0040802261388115 -0.0083350848766723 -0.0127751593732664 -0.0174114297148236 -0.0222552233804039 -0.0273182647394964 -0.0326126480294277 -0.0381508763719405 -0.043945879484478 -0.0500111466212712 -0.0563606267346037 -0.0630088864894773 -0.0699711480759125 -0.0772633501312391 -0.0849023140425968 -0.0929057733281964 -0.101292419959057 -0.1100819279467191 -0.1192951231379398 -0.1289539552213158 -0.1390816178968889 -0.1497025121579659 -0.1608424827400818 -0.1725287590208325 -0.1847901818268507 -0.1976572058197244 
[Guatemala,AG1b,*,*]:
2016 2017 2018 2019 2020 2021 2022 2023 2024 2025 2026 2027 2028 2029 2030 2031 2032 2033 2034 2035 2036 2037 2038 2039 2040 2041 2042 2043 2044 2045 2046 2047 2048 2049 2050 :=
1 -2.5959525157414327 -2.6065381367639517 -2.5940207978459333 -2.334580829912129 -2.215152540374248 -2.3141930456935267 -2.2041406102240333 -2.134129146733713 -2.0663415000894325 -2.0007070338394137 -1.9371573552006096 -1.875626243791684 -1.81604958262969 -1.7583652913185444 -1.7025132613596743 -1.6484352935174351 -1.596075037174025 -1.5453779316107088 -1.4962911491541608 -1.4487635401286876 -1.4027455795569632 -1.3581893155537432 -1.3150483193587823 -1.273277636956884 -1.2328337422346742 -1.193674491625284 -1.1557590801936806 -1.1190479991168878 -1.0835029945147885 -1.0490870275886064 -1.0157642360255388 -0.9834998966293118 -0.9522603891377286 -0.9220131611895 -0.8927266944038569 
[Guatemala,FOLU3,*,*]:
2016 2017 2018 2019 2020 2021 2022 2023 2024 2025 2026 2027 2028 2029 2030 2031 2032 2033 2034 2035 2036 2037 2038 2039 2040 2041 2042 2043 2044 2045 2046 2047 2048 2049 2050 :=
1 14.31957096982542 22.0737409352966 22.63963101224217 24.60719966693849 26.90984712176745 27.993557699385683 29.70791310221251 32.05594366761765 34.455092111526334 36.92106907436811 39.45595762160045 42.0619116652191 44.74115851450661 47.49600152170622 50.32882282621745 53.24208620104753 56.238340005395294 59.320220247392726 62.49045376118324 65.75186150267571 69.1073619684792 72.55997474269634 76.11282417643149 79.76914320505662 83.5322773084706 87.40568861978788 91.39296018810178 95.49780040118225 99.7240475741942 104.07567471075492 108.55679444289098 113.17166415670738 117.92469131084236 122.8204389550524 127.86363145655402 
[Guatemala,NUEVAFOLU,*,*]:
2016 2017 2018 2019 2020 2021 2022 2023 2024 2025 2026 2027 2028 2029 2030 2031 2032 2033 2034 2035 2036 2037 2038 2039 2040 2041 2042 2043 2044 2045 2046 2047 2048 2049 2050 :=
1 -41.9 -45.0425 -48.18500000000001 -51.327500000000015 -54.47000000000001 -57.61250000000001 -60.75500000000002 -63.89750000000002 -67.04000000000002 -70.67133333333337 -74.79150000000003 -79.40050000000004 -84.12472500000003 -88.96705562500003 -93.93044451562504 -99.01791812851565 -104.23257858172856 -109.57760554627174 -115.05625818492852 -120.67187713955173 -126.42788656804052 -132.32779623224155 -138.37520363804754 -144.57379622899873 -150.9273536347237 -157.4397499755918 -164.11495622498157 -170.9570426306061 -177.97018119637127 -185.15864822628055 -192.5268269319376 -200.079210105236 -207.8204028578669 -215.75512542931352 -223.8882160650464 
[Guatemala,GAN3,*,*]:
2016 2017 2018 2019 2020 2021 2022 2023 2024 2025 2026 2027 2028 2029 2030 2031 2032 2033 2034 2035 2036 2037 2038 2039 2040 2041 2042 2043 2044 2045 2046 2047 2048 2049 2050 :=
1 0.0092947617021276 0.0126958617021276 0.0160969617021276 0.0194980617021276 0.0228991617021276 0.0263002617021276 0.0297013617021276 0.0331024617021276 0.0365035617021276 0.0400651847462411 0.0439820086026093 0.048289809201162 0.0530279815612699 0.058239906594766 0.0639733551159895 0.070280932834332 0.0772205704879337 0.0848560636992317 0.0932576675979539 0.1025027517692305 0.1126765216485414 0.123872813106519 0.1361949676509826 0.1497567964273976 0.1646836420292812 0.1811135480446763 0.199198547272252 0.2191060806502658 0.2410205601639407 0.2651450903431828 0.2917033644455908 0.3209417530532644 0.3531316046112661 0.3885717794175795 0.4276286759527771 
[Guatemala,Lena_total,*,*]:
2016 2017 2018 2019 2020 2021 2022 2023 2024 2025 2026 2027 2028 2029 2030 2031 2032 2033 2034 2035 2036 2037 2038 2039 2040 2041 2042 2043 2044 2045 2046 2047 2048 2049 2050 :=
1 17.73859991797748 18.290274406516676 18.900950414230067 19.58500965525799 20.16032684124625 20.82561762700737 21.450386155817597 22.09389774049212 22.756714672706885 23.439416112888093 24.142598596274738 24.86687655416298 25.612882850787877 26.38126933631151 27.172707416400858 27.987888638892883 28.82752529805967 29.69235105700146 30.583121588711503 31.500615236372848 32.44563369346403 33.41900270426795 34.421572785395995 35.45421996895787 36.51784656802661 37.61338196506741 38.74178342401944 39.90403692674002 41.10115803454222 42.334192775578494 43.60421855884585 44.91234511561123 46.259715469079566 47.64750693315195 49.076932141146514 
[Guatemala,FOLU1,*,*]:
2016 2017 2018 2019 2020 2021 2022 2023 2024 2025 2026 2027 2028 2029 2030 2031 2032 2033 2034 2035 2036 2037 2038 2039 2040 2041 2042 2043 2044 2045 2046 2047 2048 2049 2050 :=
1 5.13353872280829 5.120857456 5.2686760214504 5.41988602844291 5.567601138107343 5.715305847758584 5.8630001584949385 6.023870671372146 6.189155190937703 6.3589748298473445 6.533454023877146 6.712720623104152 6.896905985588842 7.086145073628093 7.280576552649149 7.480342892817067 7.685590473430092 7.896469690179469 8.113135065352273 8.335745361057999 8.564463695561924 8.79945766281042 9.04089945523585 9.288965989931022 9.543839038285627 9.80570535917972 10.074756835831728 10.351190616401414 10.63520925845066 10.927020877368063 11.226839298866013 11.53488421566202 11.851381348459151 12.176562611343414 12.510666281719418 
;

param YearSplit default 0 :
2016 2017 2018 2019 2020 2021 2022 2023 2024 2025 2026 2027 2028 2029 2030 2031 2032 2033 2034 2035 2036 2037 2038 2039 2040 2041 2042 2043 2044 2045 2046 2047 2048 2049 2050 :=
All 1 1 1 1 1 1 1 1 1 1 1 1 1 1 1 1 1 1 1 1 1 1 1 1 1 1 1 1 1 1 1 1 1 1 1 
;

param AnnualEmissionLimit default 99999 :=
;
param AnnualExogenousEmission default 0 :=
;
param AvailabilityFactor default 1 :=
;
param CapacityFactor default 1 :=
;
param CapacityOfOneTechnologyUnit default 0 :=
;
param CapacityToActivityUnit default 1 :=
;
param CapitalCostStorage default 0 :=
;
param Conversionld default 0 :=
;
param Conversionlh default 0 :=
;
param Conversionls default 0 :=
;
param DaySplit default 0.00137 :=
;
param DaysInDayType default 7 :=
;
param DepreciationMethod default 1 :=
;
param DiscountRate default 0.08 :=
;
param MinStorageCharge default 0 :=
;
param ModelPeriodEmissionLimit default 99999 :=
;
param ModelPeriodExogenousEmission default 0 :=
;
param OperationalLifeStorage default 1 :=
;
param REMinProductionTarget default 0 :=
;
param RETagFuel default 0 :=
;
param RETagTechnology default 0 :=
;
param ReserveMargin default 0 :=
;
param ReserveMarginTagFuel default 0 :=
;
param ReserveMarginTagTechnology default 0 :=
;
param ResidualStorageCapacity default 0 :=
;
param ResidualCapacity default 0 :=
;
param StorageLevelStart default 0 :=
;
param StorageMaxChargeRate default 0 :=
;
param StorageMaxDischargeRate default 0 :=
;
param TechnologyFromStorage default 0 :=
;
param TechnologyToStorage default 0 :=
;
param TotalAnnualMaxCapacityInvestment default 99999 :=
;
param TotalAnnualMinCapacity default 0 :=
;
param TotalAnnualMinCapacityInvestment default 0 :=
;
param TotalTechnologyModelPeriodActivityLowerLimit default 0 :=
;
param TotalTechnologyModelPeriodActivityUpperLimit default 99999 :=
;
param TradeRoute default 0 :=
;
param AccumulatedAnnualDemand default 0 :=
;
param TotalAnnualMaxCapacity default 99999 :=
;
#
end;
