###############
#    Sets     #
###############
#
set DAILYTIMEBRACKET :=  ;
set DAYTYPE :=  ;
set SEASON :=  ;
set STORAGE :=  ;
set YEAR := 2016 2017 2018 2019 2020 2021 2022 2023 2024 2025 2026 2027 2028 2029 2030 2031 2032 2033 2034 2035 2036 2037 2038 2039 2040 2041 2042 2043 2044 2045 2046 2047 2048 2049 2050 ;
set TECHNOLOGY := Bosques Plantaciones CultivosGenerales CultivosPermanentes SAF Pastos Humedales Asentamientos OtrasTierras Deforestacion Restauracion AreaIncendiada Lena Demanda_lena Lena_total Estufa_nueva Estufa_stock Casas_lena AG1a AG1b AG2 AG3 AG4 GAN1 GAN2 GAN3 FOLU1 FOLU2 FOLU3 FOLU4 NUEVAFOLU FermentacionEnterica GestionEstiercol1 GestionEstiercol2 CultivoArroz SuelosAgricolas OtrosAgricolas ;
set TIMESLICE := All ;
set FUEL := lena_demandado lena_local ;
set EMISSION := co2e servicios_ecosistemicos absorcion dano_lena AG1a_income AG1b_income AG2_income AG3_income AG4_income GAN1_income GAN2_income GAN3_income FOLU1_income FOLU2_income FOLU3_income FOLU4_income NUEVAFOLU_income ;
set MODE_OF_OPERATION := 1 ;
set REGION := Guatemala ;

#####################
#    Parameters     #
#####################
#
param CapitalCost default 0 :=
[Guatemala,*,*]:
2016 2017 2018 2019 2020 2021 2022 2023 2024 2025 2026 2027 2028 2029 2030 2031 2032 2033 2034 2035 2036 2037 2038 2039 2040 2041 2042 2043 2044 2045 2046 2047 2048 2049 2050 :=
Estufa_nueva 30.25894008696282 31.23658450827368 32.391974921776104 33.56429849782778 34.550262666410966 35.69042133440252 36.7611339744346 37.86396799366764 38.99988703347766 40.169883644482 41.37498015381645 42.61622955843095 43.894716445183874 45.2115579385394 46.56790467669558 47.96494181699645 49.403890071506346 50.88600677365154 52.412586976861085 53.98496458616692 55.604513523751926 57.272648929464495 58.99082839734842 60.76055324926888 62.58336984674695 64.46087094214936 66.39469707041384 68.38653798252625 70.43813412200204 72.55127814566211 74.72781649003197 76.96965098473292 79.27874051427492 81.65710272970317 84.10681581159426 
AG1a 7.007221830967162 0.350361091548358 0.3678791461257766 0.3862731034320657 0.4055867586036684 0.4258660965338524 0.4471594013605449 0.4695173714285713 0.4929932400000008 0.7764643529999996 0.8346991794749992 0.8973016179356236 0.9645992392807968 1.0369441822268557 1.1147149958938691 1.198318620585911 1.2881925171298525 1.384806955914592 1.4886674776081867 1.6003175384288009 1.72034135381096 1.8493669553467813 1.9880694769977891 2.137174687772628 2.2974627893555715 2.46977249855724 2.655005435949031 2.8541308436452124 3.0681906569186013 3.2983049561874926 3.545677827901556 3.8116036649941742 4.09747393986874 4.404784485358888 4.735143321760804 
AG1b 0.0 0.0 0.0 0.0 0.0 0.0 0.0 0.0 0.0 0.0 0.0 0.0 0.0 0.0 0.0 0.0 0.0 0.0 0.0 0.0 0.0 0.0 0.0 0.0 0.0 0.0 0.0 0.0 0.0 0.0 0.0 0.0 0.0 0.0 0.0 
AG2 653.7798395350287 1.8123834102302792 2.9300211132623697 3.34417765938956 2.9084520139822376 2.90824724184043 2.908042491324699 3.0407429259676304 3.054530935779852 3.068381466238843 3.0822948008397533 3.096271224362796 3.110311022879783 3.124414483759759 3.1385818956746445 3.1528135486053177 3.167109733847698 3.1814707440185366 3.1958968730611974 3.210388416252342 3.22494567020697 3.2395689328855437 3.2542585035994764 3.269014683017369 3.2838377731709434 3.298728077461866 3.313685900667241 3.328711548946437 3.3438053298467247 3.3589675523103995 3.3741985266799737 3.3894985647058973 3.404867979551598 3.4203070858010545 3.4358161994642806 
AG3 180.24815221848 30.041358703079982 30.04135870308001 30.04135870308001 30.04135870308001 7.049805646851751 7.020619108401498 6.981859545662139 6.933375912882435 7.082914964571481 7.235679274527374 7.391738405120368 7.551163419042036 7.7140269116639075 7.880403044094665 8.050367576949702 8.22399790484935 8.401373091661176 8.582573906502112 8.767682860517564 8.95678424445318 9.149964167037565 9.347310594192248 9.548913389087716 9.754864353063557 9.96525726743046 10.180187936174455 10.399754229581864 10.624056128805426 10.853195771391542 11.087277497788946 11.32640789886123 11.570695864423897 11.820252632827746 12.075191841612543 
AG4 0.0 0.0 0.0 0.0 0.0 0.0 0.0 0.0 0.0 0.114756360154075 0.1196679020023351 0.1248770952167082 0.1303951033562954 0.1362316968444475 0.142398038224476 0.148904530029319 0.1557626721331701 0.1629844625401174 0.170585638222309 0.1785791281874774 0.1869823056058207 0.1958136071184883 0.2050931828060624 0.2148458600069355 0.2250972924074874 0.2358744364929565 0.2472049121529946 0.2591211147530837 0.2716546523449483 0.2848405127504939 0.2987126510927919 0.3133116726220079 0.3286765203961136 0.3448525164192624 0.3618850497995736 
GAN1 804.69393936708 88.26487274219994 53.27817972624021 94.92464520798003 99.36449351849976 43.86638963700003 43.86638963700003 43.86638963699987 43.86638963700003 39.47975067330001 40.66414319349904 41.884067489303945 43.14058951398305 44.4348071994025 45.76785141538482 47.14088695784608 48.55511356658174 50.01176697357921 51.512119982786295 26.528741791134888 26.92667291800187 27.33057301177198 27.74053160694857 28.15663958105269 28.57898917476863 29.007674012389828 29.442789122575853 29.884430959414345 30.332697423805666 30.78768788516288 31.249503203440103 31.718245751491796 32.194019437764055 32.67692972933065 33.1670836752706 
GAN2 50.01315236571429 2.813163668571427 2.813163668571427 2.813163668571427 2.813163668571427 2.9485534365906827 3.090459138783667 3.2391943689970524 3.395087813479975 5.337725965859166 5.723060894115423 6.136213475035744 6.579191888369749 7.054149286052684 7.563394257869544 8.109402052644139 8.694826609495452 9.32251345764019 9.995513547443329 10.717098079943511 11.490774406934502 12.320303078886877 13.209716123573603 14.163336644244785 15.185799832611366 16.28207549877347 17.457492227603822 18.717763278999968 20.06901435789834 21.5178133890284 23.071202441131643 24.73673195581668 26.522497447424197 28.43717885228629 30.49008271864136 
GAN3 0.3281436595744681 0.1365 0.1365 0.1365 0.1365 0.1365 0.1365 0.1365 0.1365 0.2114552171659575 0.243335480914694 0.2800488358562067 0.3223297573809361 0.3710244549527097 0.4271078777032802 0.4917033087386213 0.566104942262659 0.6518038976249809 0.7505181935350129 0.8642272853468751 0.9952118601092558 1.1460996898396598 1.319918465350015 1.520156673372378 1.750833741534384 2.016580862168902 2.3227341207617456 2.6754418023667426 3.081788034528381 3.549935253886443 4.089288362305329 4.710683874691362 5.426607863411097 6.2514470835172 7.2083778691858145 
FOLU1 80.32423452237369 -0.198423174373713 2.3129100137582044 2.3659757371328216 2.3112912460302404 2.311128517521934 2.3109658061987632 2.5171332100159147 2.586198961257425 2.657159756422534 2.730067592215957 2.8049758920414205 2.8819395451477776 2.9610149468492826 3.0422600398494226 3.125734356698509 3.211499063416347 3.299617004311838 3.390152748032212 3.483172634875934 3.5787448254037715 3.676939350383479 3.777828162105161 3.881485187104436 3.987986380332284 4.097409780811256 4.209835568818806 4.325346124639525 4.444026088929479 4.565962424737001 4.691244481224963 4.819964059141652 4.952215478088039 5.088095645630623 5.227704128310765 
FOLU2 0.0 0.0 0.0 0.0 0.0 0.0 0.0 0.0 0.0 0.0 0.0 0.0 0.0 0.0 0.0 0.0 0.0 0.0 0.0 0.0 0.0 0.0 0.0 0.0 0.0 0.0 0.0 0.0 0.0 0.0 0.0 0.0 0.0 0.0 0.0 
FOLU3 22.438104800837216 12.150425365074184 0.8867235533113977 3.083088995469873 3.608141963171063 1.6981243059316429 2.6863155520209494 3.679255196482462 3.759354545651229 4.751006041699267 4.96375881656115 5.187029514191767 5.421375143181471 5.667383463943692 5.925674726114086 6.196903505309704 6.481760644965913 6.780975309299159 7.095317153792434 7.425598619970384 7.772677361620976 8.137458810034286 8.52089888626628 8.92400686889785 9.347848426248545 9.793548822522256 10.26229630790903 10.75534570324753 11.27402219046359 11.81972532064984 12.393933252336732 12.998207233229657 13.63419633945491 14.303642487169414 15.008385732244829 
FOLU4 2.7823284 -0.4600183999999999 -0.9650018 3.5491668 3.3519556 -7.1985262 1.2546822 1.6720632 16.5322022 -15.398669816666668 -0.1536054655000003 -0.1489973015349997 -0.14452738248895 -0.1401915610142819 -0.1359858141838534 -0.1319062397583373 -0.1279490525655871 -0.12411058098862 -0.1203872635589608 -0.1167756456521925 -0.1132723762826267 -0.1098742049941475 -0.1065779788443234 -0.1033806394789937 -0.1002792202946239 -0.0972708436857852 -0.0943527183752115 -0.0915221368239552 -0.0887764727192363 -0.0861131785376593 -0.0835297831815296 -0.0810238896860836 -0.0785931729955012 -0.0762353778056363 -0.073948316471467 
NUEVAFOLU 64.75599999999999 4.856700000000009 4.8567 4.856700000000009 4.8567 4.8567 4.856700000000019 4.8567 4.8567 5.612186666666659 6.36767333333334 7.12316 7.621781199999999 8.155305883999995 8.726177295879998 9.33700970659161 9.990600386053002 10.689942413076714 11.4382383819921 12.238915068731576 13.09563912354274 14.012333862190754 14.993197232544096 16.042721038822158 17.165711511539747 18.3673113173475 19.653023109561857 21.028734727231225 22.500746158137385 24.075798389206884 25.761104276451466 27.56438157580309 29.493888286109307 31.55846046613696 33.76755269876651 
;

param EmissionActivityRatio default 0 :=
[Guatemala,AG1a,co2e,*,*]:
2016 2017 2018 2019 2020 2021 2022 2023 2024 2025 2026 2027 2028 2029 2030 2031 2032 2033 2034 2035 2036 2037 2038 2039 2040 2041 2042 2043 2044 2045 2046 2047 2048 2049 2050:=
1 0.0 0.0 0.0 0.0 0.0 0.0 0.0 0.0 0.0 0.0 -0.1144 -0.2288 -0.3431999999999999 -0.4576 -0.572 -0.6864 -0.8008000000000001 -0.9152 -1.0295999999999998 -1.144 -1.2583999999999995 -1.3727999999999998 -1.4871999999999996 -1.6015999999999997 -1.716 -1.8304 -1.9448 -2.0592 -2.1736000000000004 -2.2880000000000003 -2.4024000000000005 -2.5168000000000004 -2.6312000000000006 -2.745600000000001 -2.86  
[Guatemala,AG1b,co2e,*,*]:
2016 2017 2018 2019 2020 2021 2022 2023 2024 2025 2026 2027 2028 2029 2030 2031 2032 2033 2034 2035 2036 2037 2038 2039 2040 2041 2042 2043 2044 2045 2046 2047 2048 2049 2050:=
1 0.0 0.0 0.0 0.0 0.0 0.0 0.0 0.0 0.0 0.0 -0.0104 -0.0208 -0.0312 -0.0416 -0.052 -0.0624 -0.0728 -0.0832 -0.0936 -0.104 -0.1143999999999999 -0.1247999999999999 -0.1352 -0.1455999999999999 -0.156 -0.1664 -0.1768 -0.1872 -0.1976 -0.208 -0.2184 -0.2288 -0.2392 -0.2496000000000001 -0.26  
[Guatemala,AG2,co2e,*,*]:
2016 2017 2018 2019 2020 2021 2022 2023 2024 2025 2026 2027 2028 2029 2030 2031 2032 2033 2034 2035 2036 2037 2038 2039 2040 2041 2042 2043 2044 2045 2046 2047 2048 2049 2050:=
1 0.0 0.0 0.0 0.0 0.0 0.0 0.0 0.0 0.0 0.0 -0.2492 -0.4984 -0.7476 -0.9968 -1.2460000000000002 -1.4952000000000003 -1.7444000000000004 -1.9936000000000005 -2.2428 -2.492 -2.7412 -2.9904 -3.2396 -3.4888 -3.738 -3.987200000000001 -4.236400000000001 -4.485600000000001 -4.734800000000001 -4.984000000000001 -5.233200000000002 -5.482400000000002 -5.731600000000002 -5.980800000000002 -6.23  
[Guatemala,AG3,co2e,*,*]:
2016 2017 2018 2019 2020 2021 2022 2023 2024 2025 2026 2027 2028 2029 2030 2031 2032 2033 2034 2035 2036 2037 2038 2039 2040 2041 2042 2043 2044 2045 2046 2047 2048 2049 2050:=
1 0.0 0.0 0.0 0.0 0.0 0.0 0.0 0.0 0.0 0.0 -0.49 -0.98 -1.47 -1.96 -2.45 -2.9400000000000004 -3.43 -3.92 -4.41 -4.9 -5.39 -5.879999999999999 -6.369999999999999 -6.859999999999999 -7.35 -7.84 -8.33 -8.82 -9.310000000000002 -9.800000000000002 -10.290000000000004 -10.780000000000005 -11.270000000000003 -11.760000000000003 -12.25  
[Guatemala,AG4,co2e,*,*]:
2016 2017 2018 2019 2020 2021 2022 2023 2024 2025 2026 2027 2028 2029 2030 2031 2032 2033 2034 2035 2036 2037 2038 2039 2040 2041 2042 2043 2044 2045 2046 2047 2048 2049 2050:=
1 0.0 0.0 0.0 0.0 0.0 0.0 0.0 0.0 0.0 0.0 -0.002 -0.004 -0.006 -0.008 -0.01 -0.012 -0.014 -0.016 -0.018 -0.02 -0.022 -0.0239999999999999 -0.0259999999999999 -0.0279999999999999 -0.03 -0.032 -0.034 -0.036 -0.038 -0.04 -0.042 -0.044 -0.046 -0.048 -0.05  
[Guatemala,GAN1,co2e,*,*]:
2016 2017 2018 2019 2020 2021 2022 2023 2024 2025 2026 2027 2028 2029 2030 2031 2032 2033 2034 2035 2036 2037 2038 2039 2040 2041 2042 2043 2044 2045 2046 2047 2048 2049 2050:=
1 0.0 0.0 0.0 0.0 0.0 0.0 0.0 0.0 0.0 0.0 -0.0982666666666666 -0.1965333333333333 -0.2947999999999999 -0.3930666666666667 -0.4913333333333333 -0.5896 -0.6878666666666667 -0.7861333333333334 -0.8844 -0.9826666666666666 -1.080933333333333 -1.1791999999999998 -1.2774666666666663 -1.375733333333333 -1.474 -1.5722666666666667 -1.6705333333333334 -1.7688 -1.8670666666666669 -1.9653333333333336 -2.0636000000000005 -2.161866666666667 -2.260133333333334 -2.3584000000000005 -2.4566666666666666  
[Guatemala,GAN2,co2e,*,*]:
2016 2017 2018 2019 2020 2021 2022 2023 2024 2025 2026 2027 2028 2029 2030 2031 2032 2033 2034 2035 2036 2037 2038 2039 2040 2041 2042 2043 2044 2045 2046 2047 2048 2049 2050:=
1 0.0 0.0 0.0 0.0 0.0 0.0 0.0 0.0 0.0 0.0 -0.396 -0.792 -1.188 -1.584 -1.98 -2.3760000000000003 -2.772 -3.168 -3.564 -3.96 -4.356 -4.752 -5.148 -5.544 -5.94 -6.336 -6.732000000000001 -7.128000000000001 -7.524000000000002 -7.920000000000002 -8.316000000000003 -8.712000000000003 -9.108000000000002 -9.504000000000003 -9.9  
[Guatemala,GAN3,co2e,*,*]:
2016 2017 2018 2019 2020 2021 2022 2023 2024 2025 2026 2027 2028 2029 2030 2031 2032 2033 2034 2035 2036 2037 2038 2039 2040 2041 2042 2043 2044 2045 2046 2047 2048 2049 2050:=
1 0.0 0.0 0.0 0.0 0.0 0.0 0.0 0.0 0.0 0.0 -0.4479999999999999 -0.8959999999999999 -1.344 -1.7919999999999998 -2.24 -2.688 -3.136 -3.584 -4.032 -4.48 -4.927999999999999 -5.375999999999999 -5.823999999999999 -6.271999999999999 -6.72 -7.167999999999999 -7.616 -8.064 -8.512 -8.96 -9.408 -9.856000000000002 -10.304000000000002 -10.752000000000002 -11.2  
[Guatemala,FOLU1,co2e,*,*]:
2016 2017 2018 2019 2020 2021 2022 2023 2024 2025 2026 2027 2028 2029 2030 2031 2032 2033 2034 2035 2036 2037 2038 2039 2040 2041 2042 2043 2044 2045 2046 2047 2048 2049 2050:=
1 0.0 0.0 0.0 0.0 0.0 0.0 0.0 0.0 0.0 0.0 -0.484 -0.968 -1.452 -1.936 -2.42 -2.9040000000000004 -3.3880000000000003 -3.872 -4.356 -4.84 -5.323999999999999 -5.807999999999999 -6.291999999999999 -6.775999999999999 -7.26 -7.744 -8.228 -8.712000000000002 -9.196000000000002 -9.68 -10.164 -10.648000000000003 -11.132000000000003 -11.616000000000003 -12.1  
[Guatemala,FOLU2,co2e,*,*]:
2016 2017 2018 2019 2020 2021 2022 2023 2024 2025 2026 2027 2028 2029 2030 2031 2032 2033 2034 2035 2036 2037 2038 2039 2040 2041 2042 2043 2044 2045 2046 2047 2048 2049 2050:=
1 0.0 0.0 0.0 0.0 0.0 0.0 0.0 0.0 0.0 0.0 -0.48 -0.96 -1.44 -1.92 -2.4000000000000004 -2.8800000000000003 -3.3600000000000003 -3.84 -4.32 -4.8 -5.279999999999999 -5.759999999999999 -6.239999999999998 -6.719999999999999 -7.199999999999999 -7.68 -8.16 -8.64 -9.12 -9.6 -10.080000000000002 -10.560000000000002 -11.040000000000004 -11.520000000000003 -12.0  
[Guatemala,FOLU3,co2e,*,*]:
2016 2017 2018 2019 2020 2021 2022 2023 2024 2025 2026 2027 2028 2029 2030 2031 2032 2033 2034 2035 2036 2037 2038 2039 2040 2041 2042 2043 2044 2045 2046 2047 2048 2049 2050:=
1 0.0 0.0 0.0 0.0 0.0 0.0 0.0 0.0 0.0 0.0 -0.6452 -1.2904 -1.9356 -2.5808 -3.226 -3.8712 -4.5164 -5.1616 -5.806799999999999 -6.451999999999999 -7.097199999999999 -7.742399999999998 -8.387599999999997 -9.032799999999998 -9.678 -10.3232 -10.9684 -11.6136 -12.2588 -12.904000000000002 -13.549200000000004 -14.194400000000003 -14.839600000000004 -15.484800000000003 -16.13  
[Guatemala,FOLU4,co2e,*,*]:
2016 2017 2018 2019 2020 2021 2022 2023 2024 2025 2026 2027 2028 2029 2030 2031 2032 2033 2034 2035 2036 2037 2038 2039 2040 2041 2042 2043 2044 2045 2046 2047 2048 2049 2050:=
1 0.0 0.0 0.0 0.0 0.0 0.0 0.0 0.0 0.0 0.0 0.0 0.0 0.0 0.0 0.0 0.0 0.0 0.0 0.0 0.0 0.0 0.0 0.0 0.0 0.0 0.0 0.0 0.0 0.0 0.0 0.0 0.0 0.0 0.0 0.0  
[Guatemala,NUEVAFOLU,co2e,*,*]:
2016 2017 2018 2019 2020 2021 2022 2023 2024 2025 2026 2027 2028 2029 2030 2031 2032 2033 2034 2035 2036 2037 2038 2039 2040 2041 2042 2043 2044 2045 2046 2047 2048 2049 2050:=
1 0.0 0.0 0.0 0.0 0.0 0.0 0.0 0.0 0.0 0.0 0.0 0.0 0.0 0.0 0.0 0.0 0.0 0.0 0.0 0.0 0.0 0.0 0.0 0.0 0.0 0.0 0.0 0.0 0.0 0.0 0.0 0.0 0.0 0.0 0.0  
[Guatemala,Deforestacion,co2e,*,*]:
2016 2017 2018 2019 2020 2021 2022 2023 2024 2025 2026 2027 2028 2029 2030 2031 2032 2033 2034 2035 2036 2037 2038 2039 2040 2041 2042 2043 2044 2045 2046 2047 2048 2049 2050:=
1 376.896666666667 376.89666666666665 376.89666666666665 376.89666666666665 376.89666666666665 376.89666666666665 376.89666666666665 376.89666666666665 376.89666666666665 376.89666666666665 376.89666666666665 376.89666666666665 376.89666666666665 376.89666666666665 376.89666666666665 376.89666666666665 376.89666666666665 376.89666666666665 376.89666666666665 376.89666666666665 376.89666666666665 376.89666666666665 376.89666666666665 376.89666666666665 376.89666666666665 376.89666666666665 376.89666666666665 376.89666666666665 376.89666666666665 376.89666666666665 376.89666666666665 376.89666666666665 376.89666666666665 376.89666666666665 376.89666666666665  
[Guatemala,Restauracion,co2e,*,*]:
2016 2017 2018 2019 2020 2021 2022 2023 2024 2025 2026 2027 2028 2029 2030 2031 2032 2033 2034 2035 2036 2037 2038 2039 2040 2041 2042 2043 2044 2045 2046 2047 2048 2049 2050:=
1 -376.896666666667 -376.896666666667 -376.896666666667 -376.896666666667 -376.896666666667 -376.896666666667 -376.896666666667 -376.896666666667 -376.896666666667 -376.896666666667 -376.896666666667 -376.896666666667 -376.896666666667 -376.896666666667 -376.896666666667 -376.896666666667 -376.896666666667 -376.896666666667 -376.896666666667 -376.896666666667 -376.896666666667 -376.896666666667 -376.896666666667 -376.896666666667 -376.896666666667 -376.896666666667 -376.896666666667 -376.896666666667 -376.896666666667 -376.896666666667 -376.896666666667 -376.896666666667 -376.896666666667 -376.896666666667 -376.896666666667  
[Guatemala,AreaIncendiada,co2e,*,*]:
2016 2017 2018 2019 2020 2021 2022 2023 2024 2025 2026 2027 2028 2029 2030 2031 2032 2033 2034 2035 2036 2037 2038 2039 2040 2041 2042 2043 2044 2045 2046 2047 2048 2049 2050:=
1 188.44833333333332 188.44833333333332 188.44833333333332 188.44833333333332 188.44833333333332 188.44833333333332 188.44833333333332 188.44833333333332 188.44833333333332 188.44833333333332 188.44833333333332 188.44833333333332 188.44833333333332 188.44833333333332 188.44833333333332 188.44833333333332 188.44833333333332 188.44833333333332 188.44833333333332 188.44833333333332 188.44833333333332 188.44833333333332 188.44833333333332 188.44833333333332 188.44833333333332 188.44833333333332 188.44833333333332 188.44833333333332 188.44833333333332 188.44833333333332 188.44833333333332 188.44833333333332 188.44833333333332 188.44833333333332 188.44833333333332  
[Guatemala,Lena,co2e,*,*]:
2016 2017 2018 2019 2020 2021 2022 2023 2024 2025 2026 2027 2028 2029 2030 2031 2032 2033 2034 2035 2036 2037 2038 2039 2040 2041 2042 2043 2044 2045 2046 2047 2048 2049 2050:=
1 1.725 1.725 1.725 1.725 1.725 1.725 1.725 1.725 1.725 1.725 1.725 1.725 1.725 1.725 1.725 1.725 1.725 1.725 1.725 1.725 1.725 1.725 1.725 1.725 1.725 1.725 1.725 1.725 1.725 1.725 1.725 1.725 1.725 1.725 1.725  
[Guatemala,FermentacionEnterica,co2e,*,*]:
2016 2017 2018 2019 2020 2021 2022 2023 2024 2025 2026 2027 2028 2029 2030 2031 2032 2033 2034 2035 2036 2037 2038 2039 2040 2041 2042 2043 2044 2045 2046 2047 2048 2049 2050:=
1 28.466 28.466 28.466 28.466 28.466 28.466 28.466 28.466 28.466 28.466 28.466 28.466 28.466 28.466 28.466 28.466 28.466 28.466 28.466 28.466 28.466 28.466 28.466 28.466 28.466 28.466 28.466 28.466 28.466 28.466 28.466 28.466 28.466 28.466 28.466  
[Guatemala,GestionEstiercol1,co2e,*,*]:
2016 2017 2018 2019 2020 2021 2022 2023 2024 2025 2026 2027 2028 2029 2030 2031 2032 2033 2034 2035 2036 2037 2038 2039 2040 2041 2042 2043 2044 2045 2046 2047 2048 2049 2050:=
1 28.0 28.0 28.0 28.0 28.0 28.0 28.0 28.0 28.0 28.0 28.0 28.0 28.0 28.0 28.0 28.0 28.0 28.0 28.0 28.0 28.0 28.0 28.0 28.0 28.0 28.0 28.0 28.0 28.0 28.0 28.0 28.0 28.0 28.0 28.0  
[Guatemala,GestionEstiercol2,co2e,*,*]:
2016 2017 2018 2019 2020 2021 2022 2023 2024 2025 2026 2027 2028 2029 2030 2031 2032 2033 2034 2035 2036 2037 2038 2039 2040 2041 2042 2043 2044 2045 2046 2047 2048 2049 2050:=
1 273.0 273.0 273.0 273.0 273.0 273.0 273.0 273.0 273.0 273.0 273.0 273.0 273.0 273.0 273.0 273.0 273.0 273.0 273.0 273.0 273.0 273.0 273.0 273.0 273.0 273.0 273.0 273.0 273.0 273.0 273.0 273.0 273.0 273.0 273.0  
[Guatemala,CultivoArroz,co2e,*,*]:
2016 2017 2018 2019 2020 2021 2022 2023 2024 2025 2026 2027 2028 2029 2030 2031 2032 2033 2034 2035 2036 2037 2038 2039 2040 2041 2042 2043 2044 2045 2046 2047 2048 2049 2050:=
1 1.0 1.0 1.0 1.0 1.0 1.0 1.0 1.0 1.0 1.0 1.0 1.0 1.0 1.0 1.0 1.0 1.0 1.0 1.0 1.0 1.0 1.0 1.0 1.0 1.0 1.0 1.0 1.0 1.0 1.0 1.0 1.0 1.0 1.0 1.0  
[Guatemala,SuelosAgricolas,co2e,*,*]:
2016 2017 2018 2019 2020 2021 2022 2023 2024 2025 2026 2027 2028 2029 2030 2031 2032 2033 2034 2035 2036 2037 2038 2039 2040 2041 2042 2043 2044 2045 2046 2047 2048 2049 2050:=
1 1.0 1.0 1.0 1.0 1.0 1.0 1.0 1.0 1.0 1.0 1.0 1.0 1.0 1.0 1.0 1.0 1.0 1.0 1.0 1.0 1.0 1.0 1.0 1.0 1.0 1.0 1.0 1.0 1.0 1.0 1.0 1.0 1.0 1.0 1.0  
[Guatemala,OtrosAgricolas,co2e,*,*]:
2016 2017 2018 2019 2020 2021 2022 2023 2024 2025 2026 2027 2028 2029 2030 2031 2032 2033 2034 2035 2036 2037 2038 2039 2040 2041 2042 2043 2044 2045 2046 2047 2048 2049 2050:=
1 1.0 1.0 1.0 1.0 1.0 1.0 1.0 1.0 1.0 1.0 1.0 1.0 1.0 1.0 1.0 1.0 1.0 1.0 1.0 1.0 1.0 1.0 1.0 1.0 1.0 1.0 1.0 1.0 1.0 1.0 1.0 1.0 1.0 1.0 1.0  
[Guatemala,Casas_lena,dano_lena,*,*]:
2016 2017 2018 2019 2020 2021 2022 2023 2024 2025 2026 2027 2028 2029 2030 2031 2032 2033 2034 2035 2036 2037 2038 2039 2040 2041 2042 2043 2044 2045 2046 2047 2048 2049 2050:=
1 1.0 1.0 1.0 1.0 1.0 1.0 1.0 1.0 1.0 1.0 1.0 1.0 1.0 1.0 1.0 1.0 1.0 1.0 1.0 1.0 1.0 1.0 1.0 1.0 1.0 1.0 1.0 1.0 1.0 1.0 1.0 1.0 1.0 1.0 1.0  
[Guatemala,AG1a,AG1a_income,*,*]:
2016 2017 2018 2019 2020 2021 2022 2023 2024 2025 2026 2027 2028 2029 2030 2031 2032 2033 2034 2035 2036 2037 2038 2039 2040 2041 2042 2043 2044 2045 2046 2047 2048 2049 2050:=
1 1.0 1.0 1.0 1.0 1.0 1.0 1.0 1.0 1.0 1.0 1.0 1.0 1.0 1.0 1.0 1.0 1.0 1.0 1.0 1.0 1.0 1.0 1.0 1.0 1.0 1.0 1.0 1.0 1.0 1.0 1.0 1.0 1.0 1.0 1.0  
[Guatemala,AG1b,AG1b_income,*,*]:
2016 2017 2018 2019 2020 2021 2022 2023 2024 2025 2026 2027 2028 2029 2030 2031 2032 2033 2034 2035 2036 2037 2038 2039 2040 2041 2042 2043 2044 2045 2046 2047 2048 2049 2050:=
1 1.0 1.0 1.0 1.0 1.0 1.0 1.0 1.0 1.0 1.0 1.0 1.0 1.0 1.0 1.0 1.0 1.0 1.0 1.0 1.0 1.0 1.0 1.0 1.0 1.0 1.0 1.0 1.0 1.0 1.0 1.0 1.0 1.0 1.0 1.0  
[Guatemala,AG2,AG2_income,*,*]:
2016 2017 2018 2019 2020 2021 2022 2023 2024 2025 2026 2027 2028 2029 2030 2031 2032 2033 2034 2035 2036 2037 2038 2039 2040 2041 2042 2043 2044 2045 2046 2047 2048 2049 2050:=
1 1.0 1.0 1.0 1.0 1.0 1.0 1.0 1.0 1.0 1.0 1.0 1.0 1.0 1.0 1.0 1.0 1.0 1.0 1.0 1.0 1.0 1.0 1.0 1.0 1.0 1.0 1.0 1.0 1.0 1.0 1.0 1.0 1.0 1.0 1.0  
[Guatemala,AG3,AG3_income,*,*]:
2016 2017 2018 2019 2020 2021 2022 2023 2024 2025 2026 2027 2028 2029 2030 2031 2032 2033 2034 2035 2036 2037 2038 2039 2040 2041 2042 2043 2044 2045 2046 2047 2048 2049 2050:=
1 1.0 1.0 1.0 1.0 1.0 1.0 1.0 1.0 1.0 1.0 1.0 1.0 1.0 1.0 1.0 1.0 1.0 1.0 1.0 1.0 1.0 1.0 1.0 1.0 1.0 1.0 1.0 1.0 1.0 1.0 1.0 1.0 1.0 1.0 1.0  
[Guatemala,AG4,AG4_income,*,*]:
2016 2017 2018 2019 2020 2021 2022 2023 2024 2025 2026 2027 2028 2029 2030 2031 2032 2033 2034 2035 2036 2037 2038 2039 2040 2041 2042 2043 2044 2045 2046 2047 2048 2049 2050:=
1 1.0 1.0 1.0 1.0 1.0 1.0 1.0 1.0 1.0 1.0 1.0 1.0 1.0 1.0 1.0 1.0 1.0 1.0 1.0 1.0 1.0 1.0 1.0 1.0 1.0 1.0 1.0 1.0 1.0 1.0 1.0 1.0 1.0 1.0 1.0  
[Guatemala,GAN1,GAN1_income,*,*]:
2016 2017 2018 2019 2020 2021 2022 2023 2024 2025 2026 2027 2028 2029 2030 2031 2032 2033 2034 2035 2036 2037 2038 2039 2040 2041 2042 2043 2044 2045 2046 2047 2048 2049 2050:=
1 1.0 1.0 1.0 1.0 1.0 1.0 1.0 1.0 1.0 1.0 1.0 1.0 1.0 1.0 1.0 1.0 1.0 1.0 1.0 1.0 1.0 1.0 1.0 1.0 1.0 1.0 1.0 1.0 1.0 1.0 1.0 1.0 1.0 1.0 1.0  
[Guatemala,GAN2,GAN2_income,*,*]:
2016 2017 2018 2019 2020 2021 2022 2023 2024 2025 2026 2027 2028 2029 2030 2031 2032 2033 2034 2035 2036 2037 2038 2039 2040 2041 2042 2043 2044 2045 2046 2047 2048 2049 2050:=
1 1.0 1.0 1.0 1.0 1.0 1.0 1.0 1.0 1.0 1.0 1.0 1.0 1.0 1.0 1.0 1.0 1.0 1.0 1.0 1.0 1.0 1.0 1.0 1.0 1.0 1.0 1.0 1.0 1.0 1.0 1.0 1.0 1.0 1.0 1.0  
[Guatemala,GAN3,GAN3_income,*,*]:
2016 2017 2018 2019 2020 2021 2022 2023 2024 2025 2026 2027 2028 2029 2030 2031 2032 2033 2034 2035 2036 2037 2038 2039 2040 2041 2042 2043 2044 2045 2046 2047 2048 2049 2050:=
1 1.0 1.0 1.0 1.0 1.0 1.0 1.0 1.0 1.0 1.0 1.0 1.0 1.0 1.0 1.0 1.0 1.0 1.0 1.0 1.0 1.0 1.0 1.0 1.0 1.0 1.0 1.0 1.0 1.0 1.0 1.0 1.0 1.0 1.0 1.0  
[Guatemala,FOLU1,FOLU1_income,*,*]:
2016 2017 2018 2019 2020 2021 2022 2023 2024 2025 2026 2027 2028 2029 2030 2031 2032 2033 2034 2035 2036 2037 2038 2039 2040 2041 2042 2043 2044 2045 2046 2047 2048 2049 2050:=
1 1.0 1.0 1.0 1.0 1.0 1.0 1.0 1.0 1.0 1.0 1.0 1.0 1.0 1.0 1.0 1.0 1.0 1.0 1.0 1.0 1.0 1.0 1.0 1.0 1.0 1.0 1.0 1.0 1.0 1.0 1.0 1.0 1.0 1.0 1.0  
[Guatemala,FOLU2,FOLU2_income,*,*]:
2016 2017 2018 2019 2020 2021 2022 2023 2024 2025 2026 2027 2028 2029 2030 2031 2032 2033 2034 2035 2036 2037 2038 2039 2040 2041 2042 2043 2044 2045 2046 2047 2048 2049 2050:=
1 1.0 1.0 1.0 1.0 1.0 1.0 1.0 1.0 1.0 1.0 1.0 1.0 1.0 1.0 1.0 1.0 1.0 1.0 1.0 1.0 1.0 1.0 1.0 1.0 1.0 1.0 1.0 1.0 1.0 1.0 1.0 1.0 1.0 1.0 1.0  
[Guatemala,FOLU3,FOLU3_income,*,*]:
2016 2017 2018 2019 2020 2021 2022 2023 2024 2025 2026 2027 2028 2029 2030 2031 2032 2033 2034 2035 2036 2037 2038 2039 2040 2041 2042 2043 2044 2045 2046 2047 2048 2049 2050:=
1 1.0 1.0 1.0 1.0 1.0 1.0 1.0 1.0 1.0 1.0 1.0 1.0 1.0 1.0 1.0 1.0 1.0 1.0 1.0 1.0 1.0 1.0 1.0 1.0 1.0 1.0 1.0 1.0 1.0 1.0 1.0 1.0 1.0 1.0 1.0  
[Guatemala,FOLU4,FOLU4_income,*,*]:
2016 2017 2018 2019 2020 2021 2022 2023 2024 2025 2026 2027 2028 2029 2030 2031 2032 2033 2034 2035 2036 2037 2038 2039 2040 2041 2042 2043 2044 2045 2046 2047 2048 2049 2050:=
1 1.0 1.0 1.0 1.0 1.0 1.0 1.0 1.0 1.0 1.0 1.0 1.0 1.0 1.0 1.0 1.0 1.0 1.0 1.0 1.0 1.0 1.0 1.0 1.0 1.0 1.0 1.0 1.0 1.0 1.0 1.0 1.0 1.0 1.0 1.0  
[Guatemala,NUEVAFOLU,NUEVAFOLU_income,*,*]:
2016 2017 2018 2019 2020 2021 2022 2023 2024 2025 2026 2027 2028 2029 2030 2031 2032 2033 2034 2035 2036 2037 2038 2039 2040 2041 2042 2043 2044 2045 2046 2047 2048 2049 2050:=
1 1.0 1.0 1.0 1.0 1.0 1.0 1.0 1.0 1.0 1.0 1.0 1.0 1.0 1.0 1.0 1.0 1.0 1.0 1.0 1.0 1.0 1.0 1.0 1.0 1.0 1.0 1.0 1.0 1.0 1.0 1.0 1.0 1.0 1.0 1.0  
;

param EmissionsPenalty default 0 :=
[Guatemala,*,*]:
2016 2017 2018 2019 2020 2021 2022 2023 2024 2025 2026 2027 2028 2029 2030 2031 2032 2033 2034 2035 2036 2037 2038 2039 2040 2041 2042 2043 2044 2045 2046 2047 2048 2049 2050 :=
servicios_ecosistemicos -2627.659080063666 -2728.5849974821463 -2831.045607512224 -2916.7255413118523 -3004.227307551208 -3094.354126777744 -3187.1847505810765 -3282.800293098509 -3381.284301891464 -3482.722830948208 -3587.204515876654 -3694.820651352954 -3805.665270893543 -3919.835229020349 -4037.43028589096 -4158.553194467689 -4283.30979030172 -4411.809084010772 -4544.163356531095 -4680.488257227028 -4820.902904943839 -4965.529992092154 -5114.495891854919 -5267.930768610567 -5425.968691668884 -5588.747752418951 -5756.41018499152 -5929.102490541265 -6106.975565257503 -6290.184832215228 -6478.890377181685 -6673.257088497136 -6873.45480115205 -7079.658445186612 -7292.04819854221 
dano_lena 2500.0 2590.479476697758 2666.575806958896 2746.5730811676626 2828.9702736026925 2913.8393818107734 3001.2545632650967 3091.292200163049 3184.030966167941 3279.55189515298 3377.9384520075687 3479.276605567796 3583.654903734829 3691.1645508468746 3801.899487372281 3915.956471993449 4033.435166153253 4154.438221137851 4279.071367771986 4407.443508805146 4539.6668140693 4675.856818491379 4816.132523046121 4960.616498737504 5109.43499369963 5262.718043510618 5420.599584815937 5583.217572360416 5750.714099531228 5923.235522517165 6100.93258819268 6283.960565838461 6472.479382813614 6666.653764298023 6866.653377226964 
AG1a_income -5.691178028648882 -5.975736930081326 -6.274523776585393 -6.588249965414664 -6.917662463685397 -7.263545586869667 -7.626722866213151 -8.008059009523809 -8.40846196 -8.828885058000001 -9.2703293109 -9.733845776445 -10.220538065267252 -10.731564968530616 -11.268143216957146 -11.831550377805003 -12.423127896695256 -13.04428429153002 -13.696498506106522 -14.381323431411849 -15.10038960298244 -15.855409083131564 -16.64817953728814 -17.48058851415255 -18.354617939860177 -19.272348836853187 -20.235966278695848 -21.24776459263064 -22.31015282226217 -23.42566046337528 -24.596943486544045 -25.82679066087125 -27.11813019391481 -28.474036703610555 -29.89773853879108 
AG1b_income 0.0 0.0 0.0 0.0 0.0 0.0 0.0 0.0 0.0 0.0 0.0 0.0 0.0 0.0 0.0 0.0 0.0 0.0 0.0 0.0 0.0 0.0 0.0 0.0 0.0 0.0 0.0 0.0 0.0 0.0 0.0 0.0 0.0 0.0 0.0 
AG2_income 194.5896061892055 195.12904003640304 196.00112513306385 196.99647888124636 197.86214419821837 198.72774856725647 199.59329199479745 200.4983320904166 201.4074760192182 202.32074238971123 203.2381498947836 204.15971731208452 205.08546350440915 206.01540742008427 206.94956809335656 207.88796464478196 208.83061628161693 209.777542298212 210.7287620764061 211.68429508592385 212.6441608847736 213.60837911964805 214.57696952632637 215.54995193007784 216.52734624606816 217.50917247976648 218.49545072735532 219.48620117614195 220.48144410497105 221.48119988464032 222.4854889783172 223.4943319419578 224.50774942472756 225.52576216942384 226.5483910129008 
AG3_income 179.45933652611998 209.36922594714 239.27911536816 269.18900478918 299.0988942102 306.11784796063074 313.1077429009638 320.05904790110804 326.9620814462391 334.01399961887165 341.21801356265144 348.57740367917074 356.09552112172304 363.7757893212764 371.6217055453577 379.63684249056 387.82484990939633 396.18945627224224 404.734470465122 413.46378352411375 422.38137040716185 431.4912918041035 440.7976959857344 450.30482069275473 460.0169950654561 469.9386416150279 480.0742782373808 490.4285202704047 501.0060825955968 511.8117817850186 522.850538294558 534.127378704495 545.6474380083937 557.4159619513587 569.4383094187255 
AG4_income 0.0 0.0 0.0 0.0 0.0 0.0 0.0 0.0 0.0 0.0 0.0 0.0 0.0 0.0 0.0 0.0 0.0 0.0 0.0 0.0 0.0 0.0 0.0 0.0 0.0 0.0 0.0 0.0 0.0 0.0 0.0 0.0 0.0 0.0 0.0 
GAN1_income 32.228155297280054 35.76318133248006 37.89698322432007 41.69873449600007 45.67830259200007 47.43516038400008 49.19201817600008 50.94887596800008 52.70573376000008 54.28690577280008 55.91551294598409 57.59297833436361 59.32076768439452 61.10039071492635 62.93340243637415 64.82140450946537 66.76604664474932 68.76902804409183 70.83209888541457 71.89458036869578 72.97299907422621 74.0675940603396 75.17860797124469 76.30628709081336 77.45088139717555 78.61264461813317 79.79183428740517 80.98871180171624 82.20354247874198 83.4365956159231 84.68814455016192 85.95846671841436 87.24784371919056 88.55656137497839 89.88490979560306 
GAN2_income 47.41371890285715 50.08066839714286 52.74761789142857 55.414567385714285 58.08151688 60.876819259467744 63.80665179262968 66.8774890428053 70.09611717609624 73.46964895796441 77.00553947155352 80.71160259249022 84.59602825657151 88.66740055849813 92.9347167216498 97.40740698082314 102.09535542187078 107.00892182429426 112.15896455506062 117.55686456423476 123.2145505354551 129.14452524683193 135.35989320052272 141.87438958204217 148.70241061330378 155.85904536646896 163.36010910890857 171.22217825296502 179.46262698774962 188.0996656739264 197.152381086331 206.6407785933548 216.585826366306 227.0095017164448 237.9348396620912 
GAN3_income 23.29371939574468 23.57168079574468 23.84964219574468 24.12760359574468 24.40556499574468 24.68352639574468 24.96148779574468 25.23944919574468 25.51741059574468 27.439027622904256 29.523822206743677 31.788111419174463 34.25013469604566 36.93030948716711 39.85152338877921 43.03946815210816 46.523021772228745 50.33468579475479 54.511086052523154 59.0935462819063 64.12874549341575 69.6694716123444 75.77548579517689 82.51451400420292 89.96338492978639 98.20933623729036 107.35151444159494 117.50269754313236 128.79127397221117 141.36351647160146 155.3861954028702 171.0495827072686 188.5709055224408 208.19831740780552 230.1006372 
FOLU1_income 71.94777456719629 71.77004357599998 73.84175617000838 75.96100062940343 78.03126326579616 80.10138014351344 82.17135127794828 84.42599004079118 86.74249216442658 89.12255507172841 91.56792275989793 94.08038707838206 96.6617890418558 99.3140201792303 102.0390239196756 104.83879701667342 107.7153910111432 110.67091373471412 113.70753085424413 116.8274674587178 120.0330096896861 123.3265064164424 126.71037095716252 130.1870828472698 133.759189656321 137.42930885474448 141.20012973179837 145.0744153661542 149.05500465054976 153.1448143719952 157.34684134905606 161.66416462777983 166.09994773787486 170.65744101079486 175.33998396142752 
FOLU2_income 18.477249716000003 29.83572192048 40.4986965868704 53.87677772353299 64.93153183986233 76.74960711946508 85.19256444267579 88.94213663742227 91.74797293587382 96.0894999528532 100.6364686404876 105.39860052760244 110.38607716713786 115.609561904555 121.0802226763258 126.80975588725089 132.81041141765542 139.09501881392893 145.67701471840525 152.5704715972281 159.7901278276237 167.3514192089068 175.2705119645923 183.56433730617152 192.25062763245128 201.34795444185016 210.8757680387108 220.85443911852016 231.3053023209481 242.25070184382216 253.71403921556183 265.7198233282115 278.2937228380429 291.4626210457625 305.2546733736567 
FOLU3_income 18.491226643617683 28.5043837812724 29.235132048118157 31.775903556394105 34.74937085211929 36.14879391786976 38.36258470588859 41.39465636798933 44.49273784832708 48.40803864053036 52.49866884731426 56.773296281556185 61.24104778652746 65.91153457844956 70.79487902083956 75.90174291252772 81.2433573759415 86.83155443723466 92.67880039511202 98.79823108077689 105.2036891173258 111.90976329315517 118.93183017054226 126.28609805754463 133.9896534787448 142.06051028817717 150.51766157603578 159.38113452949972 168.67204841725632 178.4126758770803 188.62650769616852 199.338321284872 210.5742530560364 222.36187493440733 234.73027523350132 
FOLU4_income 0.0 0.0 0.0 0.0 0.0 0.0 0.0 0.0 0.0 0.0 0.0 0.0 0.0 0.0 0.0 0.0 0.0 0.0 0.0 0.0 0.0 0.0 0.0 0.0 0.0 0.0 0.0 0.0 0.0 0.0 0.0 0.0 0.0 0.0 0.0 
NUEVAFOLU_income 0.0 0.0 0.0 0.0 0.0 0.0 0.0 0.0 0.0 0.0 0.0 0.0 0.0 0.0 0.0 0.0 0.0 0.0 0.0 0.0 0.0 0.0 0.0 0.0 0.0 0.0 0.0 0.0 0.0 0.0 0.0 0.0 0.0 0.0 0.0 
;

param FixedCost default 0 :=
[Guatemala,*,*]:
2016 2017 2018 2019 2020 2021 2022 2023 2024 2025 2026 2027 2028 2029 2030 2031 2032 2033 2034 2035 2036 2037 2038 2039 2040 2041 2042 2043 2044 2045 2046 2047 2048 2049 2050 :=
Estufa_stock 72.44501940491591 74.78566547081985 77.55186549917116 80.35860638209112 82.71917132984802 85.448903983733 88.012371103245 90.65274223634236 93.37232450343262 96.1734942385356 99.05869906569168 102.03046003766244 105.09137383879232 108.24411505395608 111.49143850557476 114.836181660742 118.28126711056429 121.8297051238812 125.48459627759765 129.24913416592557 133.12660819090334 137.12040643663045 141.23401862972938 145.47103918862126 149.8351703642799 154.3302254752083 158.96013223946454 163.72893620664848 168.64080429284795 173.7000284216334 178.91102927428238 184.27836015251088 189.80671095708615 195.5009122857988 201.36593965437277 
AG1a 0.0 0.0 0.0 0.0 0.0 0.0 0.0 0.0 0.0 0.0 0.0 0.0 0.0 0.0 0.0 0.0 0.0 0.0 0.0 0.0 0.0 0.0 0.0 0.0 0.0 0.0 0.0 0.0 0.0 0.0 0.0 0.0 0.0 0.0 0.0 
AG1b 0.0 0.0 0.0 0.0 0.0 0.0 0.0 0.0 0.0 0.0 0.0 0.0 0.0 0.0 0.0 0.0 0.0 0.0 0.0 0.0 0.0 0.0 0.0 0.0 0.0 0.0 0.0 0.0 0.0 0.0 0.0 0.0 0.0 0.0 0.0 
AG2 0.0 0.0 0.0 0.0 0.0 0.0 0.0 0.0 0.0 0.0 0.0 0.0 0.0 0.0 0.0 0.0 0.0 0.0 0.0 0.0 0.0 0.0 0.0 0.0 0.0 0.0 0.0 0.0 0.0 0.0 0.0 0.0 0.0 0.0 0.0 
AG3 0.0 0.0 0.0 0.0 0.0 0.0 0.0 0.0 0.0 0.0 0.0 0.0 0.0 0.0 0.0 0.0 0.0 0.0 0.0 0.0 0.0 0.0 0.0 0.0 0.0 0.0 0.0 0.0 0.0 0.0 0.0 0.0 0.0 0.0 0.0 
AG4 0.0 0.0 0.0 0.0 0.0 0.0 0.0 0.0 0.0 0.0 0.0 0.0 0.0 0.0 0.0 0.0 0.0 0.0 0.0 0.0 0.0 0.0 0.0 0.0 0.0 0.0 0.0 0.0 0.0 0.0 0.0 0.0 0.0 0.0 0.0 
GAN1 0.0 0.0 0.0 0.0 0.0 0.0 0.0 0.0 0.0 0.0 0.0 0.0 0.0 0.0 0.0 0.0 0.0 0.0 0.0 0.0 0.0 0.0 0.0 0.0 0.0 0.0 0.0 0.0 0.0 0.0 0.0 0.0 0.0 0.0 0.0 
GAN2 0.0 0.0 0.0 0.0 0.0 0.0 0.0 0.0 0.0 0.0 0.0 0.0 0.0 0.0 0.0 0.0 0.0 0.0 0.0 0.0 0.0 0.0 0.0 0.0 0.0 0.0 0.0 0.0 0.0 0.0 0.0 0.0 0.0 0.0 0.0 
GAN3 0.0 0.0 0.0 0.0 0.0 0.0 0.0 0.0 0.0 0.0 0.0 0.0 0.0 0.0 0.0 0.0 0.0 0.0 0.0 0.0 0.0 0.0 0.0 0.0 0.0 0.0 0.0 0.0 0.0 0.0 0.0 0.0 0.0 0.0 0.0 
FOLU1 0.0 0.0 0.0 0.0 0.0 0.0 0.0 0.0 0.0 0.0 0.0 0.0 0.0 0.0 0.0 0.0 0.0 0.0 0.0 0.0 0.0 0.0 0.0 0.0 0.0 0.0 0.0 0.0 0.0 0.0 0.0 0.0 0.0 0.0 0.0 
FOLU2 0.0 0.0 0.0 0.0 0.0 0.0 0.0 0.0 0.0 0.0 0.0 0.0 0.0 0.0 0.0 0.0 0.0 0.0 0.0 0.0 0.0 0.0 0.0 0.0 0.0 0.0 0.0 0.0 0.0 0.0 0.0 0.0 0.0 0.0 0.0 
FOLU3 0.0 0.0 0.0 0.0 0.0 0.0 0.0 0.0 0.0 0.0 0.0 0.0 0.0 0.0 0.0 0.0 0.0 0.0 0.0 0.0 0.0 0.0 0.0 0.0 0.0 0.0 0.0 0.0 0.0 0.0 0.0 0.0 0.0 0.0 0.0 
FOLU4 0.0 0.0 0.0 0.0 0.0 0.0 0.0 0.0 0.0 0.0 0.0 0.0 0.0 0.0 0.0 0.0 0.0 0.0 0.0 0.0 0.0 0.0 0.0 0.0 0.0 0.0 0.0 0.0 0.0 0.0 0.0 0.0 0.0 0.0 0.0 
NUEVAFOLU 0.0 0.0 0.0 0.0 0.0 0.0 0.0 0.0 0.0 0.0 0.0 0.0 0.0 0.0 0.0 0.0 0.0 0.0 0.0 0.0 0.0 0.0 0.0 0.0 0.0 0.0 0.0 0.0 0.0 0.0 0.0 0.0 0.0 0.0 0.0 
;

param InputActivityRatio default 0 :=
[Guatemala,Demanda_lena,lena_local,*,*]:
2016 2017 2018 2019 2020 2021 2022 2023 2024 2025 2026 2027 2028 2029 2030 2031 2032 2033 2034 2035 2036 2037 2038 2039 2040 2041 2042 2043 2044 2045 2046 2047 2048 2049 2050:=
1 1 1 1 1 1 1 1 1 1 1 1 1 1 1 1 1 1 1 1 1 1 1 1 1 1 1 1 1 1 1 1 1 1 1 1  
;

param OperationalLife default 1 :
AreaIncendiada Demanda_lena Lena_total Estufa_nueva AG1a AG1b AG2 AG3 AG4 GAN1 GAN2 GAN3 FOLU1 FOLU2 FOLU3 FOLU4 NUEVAFOLU :=
Guatemala 100 100 1 1 100 100 100 100 100 100 100 100 100 100 100 100 100 
;

param OutputActivityRatio default 0 :=
[Guatemala,Lena,lena_local,*,*]:
2016 2017 2018 2019 2020 2021 2022 2023 2024 2025 2026 2027 2028 2029 2030 2031 2032 2033 2034 2035 2036 2037 2038 2039 2040 2041 2042 2043 2044 2045 2046 2047 2048 2049 2050:=
1 1 1 1 1 1 1 1 1 1 1 1 1 1 1 1 1 1 1 1 1 1 1 1 1 1 1 1 1 1 1 1 1 1 1 1  
[Guatemala,Demanda_lena,lena_demandado,*,*]:
2016 2017 2018 2019 2020 2021 2022 2023 2024 2025 2026 2027 2028 2029 2030 2031 2032 2033 2034 2035 2036 2037 2038 2039 2040 2041 2042 2043 2044 2045 2046 2047 2048 2049 2050:=
1 1 1 1 1 1 1 1 1 1 1 1 1 1 1 1 1 1 1 1 1 1 1 1 1 1 1 1 1 1 1 1 1 1 1 1  
;

param SpecifiedAnnualDemand default 0 :=
[Guatemala,*,*]:
2016 2017 2018 2019 2020 2021 2022 2023 2024 2025 2026 2027 2028 2029 2030 2031 2032 2033 2034 2035 2036 2037 2038 2039 2040 2041 2042 2043 2044 2045 2046 2047 2048 2049 2050 :=
lena_demandado 10.66684333049899 10.907888275498989 11.152997786249 11.27263805739922 11.43522156215959 11.517316336664123 11.626969871940226 11.73816662422635 11.84494403679818 11.941851180577274 12.028721667477535 12.105424420924368 12.173356508689285 12.23212668913142 12.281303175347263 12.320436322831595 12.349035770858848 12.366567499156403 12.37241718371762 12.36593314666119 12.345812353527084 12.311594228204548 12.2623212325757 12.19689058704698 12.114265993713962 12.013209295838418 11.892392832015531 11.75039429395308 11.585655387944197 11.396522137571058 11.181205238147752 10.937762737408011 10.664112513275022 10.357998305585552 10.016989680843055 
;

param SpecifiedDemandProfile default 0 :=
[Guatemala,lena_demandado,*,*]:
2016 2017 2018 2019 2020 2021 2022 2023 2024 2025 2026 2027 2028 2029 2030 2031 2032 2033 2034 2035 2036 2037 2038 2039 2040 2041 2042 2043 2044 2045 2046 2047 2048 2049 2050 :=
All 1 1 1 1 1 1 1 1 1 1 1 1 1 1 1 1 1 1 1 1 1 1 1 1 1 1 1 1 1 1 1 1 1 1 1 
;

param TotalTechnologyAnnualActivityLowerLimit default 0 :=
[Guatemala,*,*]:
2016 2017 2018 2019 2020 2021 2022 2023 2024 2025 2026 2027 2028 2029 2030 2031 2032 2033 2034 2035 2036 2037 2038 2039 2040 2041 2042 2043 2044 2045 2046 2047 2048 2049 2050 :=
Bosques 3.534276 3.522682 3.499313 3.478119 3.454614 3.431109 3.407607 3.371220859045541 3.3327788311026807 3.3237130428763964 3.320450177746934 3.3229777264872555 3.3312320620666265 3.345100056562445 3.3644213297078944 3.3830230419482823 3.400899192778777 3.4180432555467184 3.434448162398431 3.450106288505544 3.4650094355437577 3.479148814395752 3.492515027048796 3.50509804765636 3.5168872027316844 3.527871150439964 3.538037858954389 3.547374583839797 3.5558678444261704 3.563503399132665 3.5702662197011845 3.576140464296759 3.5811094494302997 3.5851556206573183 3.588260522004412 
Plantaciones 0.093134 0.092904 0.095586 0.098329 0.101009 0.103688 0.106368 0.1092865526609495 0.1122851853237298 0.1169065502043111 0.1217181183899669 0.1267277181518239 0.1319434999521972 0.1373739497051372 0.1430279025827471 0.1489145573897319 0.1550434915295661 0.1614246765866301 0.1680684945496663 0.1749857547029508 0.1821877112126608 0.1896860814370518 0.1974930649902332 0.2056213635905593 0.2140842017259284 0.2228953481696116 0.2320691383816165 0.241620497832033 0.2515649662843067 0.2619187230779487 0.2726986134518156 0.2839221759507868 0.295607670960429 0.3077741104160733 0.3204412887346401 
CultivosGenerales 1.565284979700029 1.5659558005000007 1.5883676450000008 1.6117880503668542 1.6341563964787331 1.6565231677273813 1.6788883642791166 1.7024341629946782 1.7262123644079856 1.7355581851056712 1.7401045664894974 1.739864645843735 1.7348909580452332 1.725274026814973 1.711140471250457 1.697268520173208 1.6836538293928176 1.670292140069154 1.6571792770403304 1.6443111471842289 1.631683737812908 1.619293115099233 1.6071354225350836 1.5952068794205003 1.5835037793831517 1.5720224889275098 1.5607594460131455 1.5497111586615435 1.5388742035908825 1.5282452248782046 1.517820932648433 1.507598101789696 1.4975735706944258 1.4877442400257244 1.478107071508479 
CultivosPermanentes 0.3548493163740183 0.3553330898 0.37410540397 0.3931237115205698 0.4118932787639094 0.4306615245192354 0.449428448926104 0.4710508473238975 0.4932689115254971 0.4975676543941665 0.5005088363602469 0.5020827564904383 0.502291081315727 0.5011466227852057 0.4986729687434452 0.4962541605014719 0.4938895616035341 0.491578548400145 0.4893205098542197 0.4871148473507124 0.4849609745096959 0.4828583170028285 0.4808063123731511 0.4788044098581624 0.4768520702161173 0.4749487655554968 0.4730939791675976 0.4712872053621908 0.4695279493062013 0.4678157268653562 0.4661500644487575 0.4645304988563302 0.4629565771290996 0.461427856402253 0.4599439037609403 
SAF 0.5129012525085148 0.5143230977 0.5166217484199999 0.519245311898696 0.5215270412984483 0.5238086100510199 0.5260900181733767 0.5284755320130119 0.5308718627776645 0.5344826578849144 0.5381180122921022 0.541778093042551 0.5454630683157508 0.5491731074350871 0.5529083808756204 0.5566690602719201 0.5604553184259505 0.5642673293150117 0.5681052680997329 0.5719693111321219 0.5758596359636678 0.5797764213534996 0.5837198472766001 0.5876900949320757 0.5916873467514827 0.5957117864072093 0.5997635988209162 0.6038429701720329 0.607950087906313 0.612085140744447 0.6162483186907344 0.6204398130418135 0.6246598163954528 0.6289085226593991 0.6331861270602889 
Pastos 4.362174735607344 4.371267446699999 4.34464140926 4.313901131030305 4.287490827565376 4.2610823835412655 4.234675798761608 4.217513360280127 4.20042047831457 4.183396870963918 4.166442257469649 4.149556358211109 4.1327388947009 4.1159895895802885 4.0993081666146285 4.082694350688807 4.066147867802708 4.049668445066692 4.033255810697095 4.0169096940117495 4.000629825425516 3.98441593644584 3.96826775966832 3.9521850287723046 3.936167478516493 3.9202148447345615 3.904326864330816 3.888503275275836 3.872743816602169 3.85704822840002 3.8414162518129618 3.8258476290336736 3.8103421032996816 3.7948994188891296 3.779519321116559 
Humedales 0.2393717997690632 0.2394427828999999 0.2396343371099999 0.2399760540271988 0.2401592732669588 0.2403424796070058 0.2405256730487023 0.2407428463028758 0.2409602156451496 0.241177781252574 0.2413955433023588 0.2416135019718739 0.2418316574386496 0.2420500098803762 0.2422685594749045 0.2424873064002459 0.2427062508345726 0.2429253929562175 0.2431447329436749 0.2433642709755997 0.2435840072308086 0.2438039418882794 0.2440240751271519 0.2442444071267273 0.2444649380664687 0.2446856681260015 0.244906597485113 0.2451277263237531 0.245349054822034 0.2455705831602305 0.2457923115187803 0.246014240078284 0.2462363690195051 0.2464586985233706 0.2466812287709705 
Asentamientos 0.1560581803267494 0.1561166942000001 0.1580322364500001 0.1600479271507276 0.1619589669496328 0.1638698722000874 0.1657806429163008 0.1677840783531829 0.1698117250217212 0.1718638755111988 0.1739408259467986 0.1760428760323342 0.1781703290934969 0.1803234921216261 0.1825026758180073 0.184708194638707 0.1869403668399485 0.1891995145240359 0.1914859636858341 0.1938000442598093 0.1961420901676385 0.1985124393663949 0.2009114338973145 0.203339419935153 0.2057967478381387 0.2082837721985291 0.2108008518937784 0.2133483501383241 0.215926634535998 0.218536077133072 0.2211770544719441 0.2238499476454735 0.2265551423519723 0.2292930289508617 0.2320640025190009 
OtrasTierras 0.0708493702118993 0.0708750634999999 0.0725990515099999 0.0743695755664632 0.0760919641711396 0.0778142315095199 0.0795363775944108 0.0813917610257362 0.0832904258810006 0.0852333818068499 0.087221662002444 0.0892563237688779 0.0913384490714191 0.0934691451148605 0.0956495449322951 0.0978808079876252 0.1001641207921267 0.1025006975353961 0.1048917807310159 0.1073386418772824 0.1098425821333455 0.1124049330111222 0.1150270570833496 0.1177103487081566 0.1204562347705362 0.1232661754411156 0.1261416649526265 0.1290842323944879 0.1320954425259249 0.1351768966080558 0.1383302332553888 0.1415571293071832 0.1448593007191359 0.1482385034758699 0.1516965345247082 
Deforestacion 0.03831 0.036306 0.03831 0.032047 0.038585 0.038677 0.038674 0.038674 0.038674 0.038674 0.038674 0.038674 0.038674 0.038674 0.038674 0.038674 0.038674 0.038674 0.038674 0.038674 0.038674 0.038674 0.038674 0.038674 0.038674 0.038674 0.038674 0.038674 0.038674 0.038674 0.038674 0.038674 0.038674 0.038674 0.038674 
Restauracion 0.017623 0.024483 0.017623 0.018 0.017613 0.017611 0.017609 0.0022878590455409 0.0002319720571396 0.0296082117737156 0.0354111348705382 0.0412015487403209 0.0469283355793709 0.0525419944958184 0.0579952731454495 0.0572757122403878 0.0565501508304945 0.0558180627679415 0.0550789068517124 0.0543321261071129 0.0535771470382139 0.0528133788519939 0.052040212653044 0.0512570206075643 0.0504631550753244 0.0496579477082793 0.0488407085144256 0.0480107248854079 0.047167260586373 0.046309554706495 0.045436820568519 0.0445482445955743 0.0436429851335403 0.042720171227019 0.0417789013470938 
AreaIncendiada 0.013122886374892 0.013122886374892 0.020088888070402 0.0551456935627989 0.0757143879556796 0.0355601843074755 0.018935507387443 0.020088888070402 0.019887999189698 0.019689119197801 0.019492228005823 0.0192973057257648 0.0191043326685071 0.018913289341822 0.0187241564484038 0.0185369148839198 0.0183515457350806 0.0181680302777298 0.0179863499749525 0.0178064864752029 0.0176284216104509 0.0174521373943464 0.0172776160204029 0.0171048398601989 0.0169337914615969 0.016764453546981 0.0165968090115111 0.016430840921396 0.0162665325121821 0.0161038671870603 0.0159428285151897 0.0157834002300378 0.0156255662277374 0.01546931056546 0.0153146174598054 
Lena 10.66684333049899 10.907888275498989 11.152997786249 11.27263805739922 11.43522156215959 11.517316336664123 11.626969871940226 11.73816662422635 11.84494403679818 11.941851180577274 12.028721667477535 12.105424420924368 12.173356508689285 12.23212668913142 12.281303175347263 12.320436322831595 12.349035770858848 12.366567499156403 12.37241718371762 12.36593314666119 12.345812353527084 12.311594228204548 12.2623212325757 12.19689058704698 12.114265993713962 12.013209295838418 11.892392832015531 11.75039429395308 11.585655387944197 11.396522137571058 11.181205238147752 10.937762737408011 10.664112513275022 10.357998305585552 10.016989680843055 
Lena_total 15.34008280688429 15.56409279023094 15.792769952258077 15.962993088271396 16.10454503732149 16.164481800805138 16.252761624094106 16.34278807798443 16.428683804315817 16.440101730246052 16.438065274993924 16.4226035120799 16.40225227930565 16.376953062749294 16.346643500739063 16.311283884398627 16.270836976561696 16.225268611058198 16.174513620819617 16.11852453134465 16.01571691350208 15.937704734540086 15.85249238702992 15.75851725269576 15.664958469143665 15.565733846833323 15.46119652973464 15.35210604681208 15.237190700824716 15.117206979733162 14.991346442358086 14.859222446134208 14.720670070980647 14.575293207357095 14.422800445248008 
Estufa_nueva 0.015 0.015 0.015 0.015 0.015 0.015 0.015 0.015 0.015 0.0173333333333333 0.0196666666666666 0.022 0.02376 0.0256608 0.027713664 0.02993075712 0.0323252176896 0.034911235104768 0.0377041339131494 0.0407204646262014 0.0439781017962975 0.0474963499400013 0.0512960579352014 0.0553997425700175 0.0598317219756189 0.0646182597336684 0.0697877205123619 0.0753707381533509 0.081400397205619 0.0879124289820685 0.094945423300634 0.1025410571646847 0.1107443417378595 0.1196038890768883 0.1291722002030394 
Estufa_stock 0.2 0.215 0.23 0.245 0.26 0.2750000000000001 0.2900000000000001 0.3050000000000001 0.3200000000000001 0.3373333333333334 0.3570000000000001 0.3790000000000001 0.4027600000000001 0.4284208000000001 0.4561344640000001 0.4860652211200001 0.5183904388096001 0.5533016739143681 0.5910058078275175 0.6317262724537189 0.6757043742500164 0.7232007241900177 0.7744967821252191 0.8298965246952367 0.8897282466708556 0.954346506404524 1.024134226916886 1.099504965070237 1.180905362275856 1.2688177912579246 1.3637632145585583 1.4663042717232433 1.5770486134611028 1.696652502537991 1.8258247027410304 
Casas_lena 1.7460339012267838 1.757518320613392 1.76900274 1.7990203319564833 1.818666555489788 1.8376198868487716 1.857608122641692 1.8778788429692783 1.8977923523691385 1.9102187923465583 1.92245842355701 1.9345100670303144 1.946368212902598 1.9580325257254672 1.9695024381947983 1.9807798088649144 1.991866916643036 2.002766527380517 2.013478476785401 2.024004553907542 2.028953107217476 2.037611613642221 2.045837560718532 2.0534290365866137 2.0616246140451158 2.069627963887362 2.0775016248001528 2.085367638183198 2.093068343915037 2.100728684693173 2.108254477653483 2.1156103963042847 2.122792769382286 2.129764674501984 2.1365041603714583 
AG1a 0.0152992769392964 0.0160642407862612 0.0168674528255743 0.017710825466853 0.0185963667401956 0.0195261850772054 0.0205024943310657 0.021527619047619 0.022604 0.0242993 0.0261217474999999 0.0280808785624999 0.0301869444546874 0.032450965288789 0.0348847876854482 0.0375011467618568 0.0403137327689961 0.0433372627266708 0.0465875574311711 0.0500816242385089 0.0538377460563971 0.0578755770106269 0.0622162452864239 0.0668824636829057 0.0718986484591236 0.0772910470935579 0.0830878756255747 0.0893194662974928 0.0960184262698048 0.1032198082400401 0.1109612938580431 0.1192833908973964 0.1282296452147011 0.1378468686058037 0.1481853837512389 
AG1b 0.1824722251592 0.1832162995638582 0.1823364426821963 0.1641001352162287 0.155705395479354 0.1626670564792813 0.1549313553589655 0.15001017615701 0.1452453113736668 0.1383250381611443 0.1317344842413344 0.1254579400015314 0.1194804443200545 0.113787748904082 0.1083662843266242 0.1032031276816786 0.0982859717804689 0.093603095815342 0.0891433374213954 0.0848960660692408 0.0808511577254798 0.0769989707204918 0.0733303227660117 0.0698364690677142 0.0665090814806331 0.0633402286577299 0.060322357144291 0.0574482733730916 0.0547111265174062 0.0521043921609953 0.0496218567461421 0.0472576027626692 0.0450059946426303 0.0428616653270556 0.0408195034727301 
AG2 0.5129012525085148 0.5143230977 0.5166217484199999 0.519245311898696 0.5215270412984483 0.5238086100510199 0.5260900181733767 0.5284755320130119 0.5308718627776645 0.5344826578849144 0.5381180122921022 0.541778093042551 0.5454630683157508 0.5491731074350871 0.5529083808756204 0.5566690602719201 0.5604553184259505 0.5642673293150117 0.5681052680997329 0.5719693111321219 0.5758596359636678 0.5797764213534996 0.5837198472766001 0.5876900949320757 0.5916873467514827 0.5957117864072093 0.5997635988209162 0.6038429701720329 0.607950087906313 0.612085140744447 0.6162483186907344 0.6204398130418135 0.6246598163954528 0.6289085226593991 0.6331861270602889 
AG3 0.107614692 0.125550474 0.143486256 0.161422038 0.17935782 0.18356680996194 0.1877583745006109 0.1919267981728989 0.196066275355892 0.2024094114962058 0.2089577607769311 0.2157179622535863 0.2226968697684143 0.2299015588991621 0.2373393341326677 0.2450177362705278 0.2529445500743519 0.2611278121583573 0.2695758191373045 0.2782971360380346 0.287300604983137 0.2965953541555515 0.3061908070531919 0.3160966920429767 0.3263230522239511 0.3368802556095003 0.3477790056389788 0.3590303520294111 0.3706457019782665 0.3826368317286673 0.3950158985087532 0.4077954528573084 0.420988451348148 0.4346082697261632 0.448668716468344 
AG4 0.0 0.0 0.0 0.0 0.0 0.0 0.0 0.0 0.0 0.001912606002568 0.0039005341946219 0.00596836273723 0.0081208254598315 0.0103627876058487 0.0126992678612395 0.0151354246577415 0.0176765732156648 0.0203281925695749 0.023095985746539 0.0259858320359436 0.0290038584271621 0.0321564551183941 0.0354503014880614 0.0388924400982125 0.0424902873746011 0.0462516519329291 0.0501847423793646 0.0542982415987745 0.058601290468118 0.0631035389664526 0.0678151257481337 0.0727467814781593 0.0779097977502584 0.0833161252262389 0.0889783698517017 
GAN1 0.281321188 0.312178608 0.3308046720000001 0.3639903500000001 0.3987282 0.4140639 0.4293996 0.4447353 0.460071 0.47387313 0.4880893239 0.502732003617 0.51781396372551 0.5333483826372752 0.5493488341163936 0.5658292991398853 0.5828041781140819 0.6002883034575045 0.6182969525612296 0.627571406849648 0.6369849779523926 0.6465397526216785 0.6562378489110037 0.6660814166446687 0.6760726378943387 0.6862137274627537 0.6965069333746949 0.7069545373753152 0.7175588554359449 0.728322238267484 0.7392470718414962 0.7503357779191185 0.7615908145879052 0.7730146768067236 0.7846098969588244 
GAN2 0.0328377142857142 0.0346847857142857 0.0365318571428571 0.0383789285714285 0.040226 0.0421619658555196 0.0441911043803014 0.0463178997166006 0.048547051816007 0.052051704330622 0.055809360658831 0.0598382853587966 0.064158061522502 0.0687896859618159 0.0737556712661215 0.0790801552275697 0.0847890181658349 0.0909100087226425 0.0974728787375097 0.1045095278602796 0.1120541586033556 0.120143442587287 0.1288166987877634 0.1381160846504097 0.1480868010023187 0.1587773117563195 0.1702395794758829 0.1825293179456538 0.1957062629752646 0.2098344627527021 0.2249825891585297 0.2412242715541442 0.258638454666488 0.2773097823087603 0.2973290088022479 
GAN3 0.0272816947393243 0.0275563335481225 0.0278309723569207 0.0281056111657188 0.0283805218941296 0.0286551607029277 0.0289297995117259 0.0292125959919447 0.0294981568829296 0.029252407710599 0.0295093647139862 0.0297667468165526 0.0300243843264285 0.0302820887314081 0.0305396505315242 0.0307968367919036 0.0310533883766443 0.0313090168186351 0.031563400773535 0.0318161819983906 0.0320669607864402 0.0323152907793439 0.0325606730661734 0.0328025494647388 0.0330402948649338 0.0332732084954046 0.0335005039536018 0.0337212978146937 0.0339345966063904 0.0341392819038212 0.0343340932605218 0.034517608647491 0.0346882220212137 0.0348441175823994 0.0349838073836715 
FOLU1 0.093134 0.092904 0.095586 0.098329 0.101009 0.103688 0.106368 0.1092865526609495 0.1122851853237298 0.1169065502043111 0.1217181183899669 0.1267277181518239 0.1319434999521972 0.1373739497051372 0.1430279025827471 0.1489145573897319 0.1550434915295661 0.1614246765866301 0.1680684945496663 0.1749857547029508 0.1821877112126608 0.1896860814370518 0.1974930649902332 0.2056213635905593 0.2140842017259284 0.2228953481696116 0.2320691383816165 0.241620497832033 0.2515649662843067 0.2619187230779487 0.2726986134518156 0.2839221759507868 0.295607670960429 0.3077741104160733 0.3204412887346401 
FOLU2 0.0477251 0.0770630279999999 0.10460454744 0.1391589464911999 0.167712397561376 0.1982374396101484 0.2200448508179455 0.2297296638015865 0.2369768905255548 0.2481906704020383 0.2599350879235654 0.2722352529383263 0.2851174634960684 0.2986092620739616 0.3127394944630793 0.327538371441396 0.3430375333651602 0.3592701178167397 0.3762708304535728 0.3940760192097017 0.4127237520085332 0.4322538981529775 0.4527082135669807 0.4741304300706982 0.496566348880182 0.520063938531486 0.5446734374385546 0.570447461304164 0.5974411156135656 0.6257121134513435 0.6553208988933822 0.6863307762377608 0.7188080453508703 0.752822143418128 0.7884457934023574 
FOLU3 0.0335990308778371 0.0517931930249339 0.0531209812812176 0.0577376279756411 0.0631404939622409 0.065683281398873 0.0697057957770302 0.0752151473934574 0.0808444405347998 0.0879586420287641 0.0953914215450427 0.1031585287209161 0.1112765472636094 0.1197629409983638 0.1286361025181058 0.1379154045834972 0.1476212544307104 0.157775151153329 0.1683997463343545 0.1795189081144305 0.1911577888931149 0.2033428968713639 0.216102171655387 0.22946506415471 0.2434626210207046 0.2581275738860309 0.2734944336804502 0.2895995903143448 0.3064814180380781 0.3241803868030894 0.3427391799694168 0.3622028187242155 0.3826187935968682 0.404037203478527 0.4265109025774531 
FOLU4 0.026298 0.02195 0.012829 0.046375 0.078057 0.010018 0.021877 0.037681 0.19394 0.0483949166666666 0.0469430691666666 0.0455347770916666 0.0441687337789166 0.0428436717655491 0.0415583616125826 0.0403116107642052 0.039102262441279 0.0379291945680406 0.0367913187309994 0.0356875791690694 0.0346169517939973 0.0335784432401774 0.0325710899429721 0.0315939572446829 0.0306461385273424 0.0297267543715222 0.0288349517403765 0.0279699031881652 0.0271308060925202 0.0263168819097446 0.0255273754524523 0.0247615541888787 0.0240187075632124 0.023298146336316 0.0225992019462265 
NUEVAFOLU 0.2 0.215 0.23 0.245 0.26 0.2750000000000001 0.2900000000000001 0.3050000000000001 0.3200000000000001 0.3373333333333334 0.3570000000000001 0.3790000000000001 0.4027600000000001 0.4284208000000001 0.4561344640000001 0.4860652211200001 0.5183904388096001 0.5533016739143681 0.5910058078275175 0.6317262724537189 0.6757043742500164 0.7232007241900177 0.7744967821252191 0.8298965246952367 0.8897282466708556 0.954346506404524 1.024134226916886 1.099504965070237 1.180905362275856 1.2688177912579246 1.3637632145585583 1.4663042717232433 1.5770486134611028 1.696652502537991 1.8258247027410304 
FermentacionEnterica 0.1644980529999989 0.1660717719999999 0.1676454859999989 0.169219204 0.1707929879999988 0.1723666969999999 0.1739404209999989 0.1755615056577237 0.1771987368681538 0.1771417792812371 0.1770851125053579 0.1770287383857519 0.1769726587939444 0.1769168756280231 0.1768613908129133 0.1768062063006566 0.1767513240706938 0.1766967461301496 0.1766424745141214 0.1765885112859719 0.1765348585376244 0.1764815183898612 0.1764284929926274 0.1763757845253357 0.1763233951971765 0.1762713272474312 0.1762195829457886 0.1761681645926662 0.1761170745195337 0.1760663150892414 0.176015888696352 0.1759657977674763 0.175916044761613 0.1758666321704921 0.175817562518922 
GestionEstiercol1 0.0057362487799999 0.0058276596899999 0.0059190698299999 0.0060104797399999 0.0061018922699999 0.0060776549599999 0.0061690660199999 0.0062410355927507 0.0063140359191809 0.0063842475035918 0.0064590359089995 0.0065348746268076 0.0066117774915476 0.0066897582699196 0.0067688306180967 0.0068490080320771 0.0069303037899962 0.0070127308851304 0.007096301948129 0.007181029156771 0.0072669241312724 0.0073539978128541 0.0074422603229097 0.0075317207996851 0.007622387208887 0.0077142661240551 0.0078073624718627 0.0079016792367303 0.0079972171182255 0.0080939741336682 0.0081919451571325 0.0082911213846063 0.008391489713412 0.00849303202206 0.008595746229229 
GestionEstiercol2 0.0005828704247158 0.0005908761936024 0.0005988818954456 0.0006068875228949 0.000614894288944 0.0006157245813312 0.0006237303633043 0.0006306061188457 0.0006375718183915 0.0006430185144942 0.0006500728134791 0.0006572148824151 0.0006644456239018 0.0006717659271545 0.0006791766652412 0.0006866786920162 0.0006942728387168 0.0007019599101876 0.000709740680691 0.0007176158892607 0.0007255862345494 0.0007336523691129 0.0007418148930742 0.0007500743470961 0.0007584312045902 0.0007668858630781 0.0007754386346124 0.0007840897351555 0.0007928392728026 0.000801687234722 0.0008106334726732 0.0008196776869459 0.0008288194085489 0.000838057979454 0.00084739235752 
CultivoArroz 0.0243180448895999 0.0215889050823599 0.0205367954945999 0.0215394721634399 0.02217029523324 0.0228011183030399 0.02343194137284 0.02343194137284 0.02343194137284 0.02343194137284 0.02343194137284 0.02343194137284 0.02343194137284 0.02343194137284 0.02343194137284 0.02343194137284 0.02343194137284 0.02343194137284 0.02343194137284 0.02343194137284 0.02343194137284 0.02343194137284 0.02343194137284 0.02343194137284 0.02343194137284 0.02343194137284 0.02343194137284 0.02343194137284 0.02343194137284 0.02343194137284 0.02343194137284 0.02343194137284 0.02343194137284 0.02343194137284 0.02343194137284 
SuelosAgricolas 1.299960953518415 1.3479312594206967 1.4618460805703406 1.2765589335144492 0.9613384543908952 0.9292038217765842 0.85540137999395 0.85540137999395 0.85540137999395 0.85540137999395 0.85540137999395 0.85540137999395 0.85540137999395 0.85540137999395 0.85540137999395 0.85540137999395 0.85540137999395 0.85540137999395 0.85540137999395 0.85540137999395 0.85540137999395 0.85540137999395 0.85540137999395 0.85540137999395 0.85540137999395 0.85540137999395 0.85540137999395 0.85540137999395 0.85540137999395 0.85540137999395 0.85540137999395 0.85540137999395 0.85540137999395 0.85540137999395 0.85540137999395 
OtrosAgricolas 0.8392200000000001 0.6120099999999999 0.39857 0.5353300000000001 0.58241 0.40493 0.4162099999999999 0.4162099999999999 0.4162099999999999 0.4162099999999999 0.4162099999999999 0.4162099999999999 0.4162099999999999 0.4162099999999999 0.4162099999999999 0.4162099999999999 0.4162099999999999 0.4162099999999999 0.4162099999999999 0.4162099999999999 0.4162099999999999 0.4162099999999999 0.4162099999999999 0.4162099999999999 0.4162099999999999 0.4162099999999999 0.4162099999999999 0.4162099999999999 0.4162099999999999 0.4162099999999999 0.4162099999999999 0.4162099999999999 0.4162099999999999 0.4162099999999999 0.4162099999999999 
;

param TotalTechnologyAnnualActivityUpperLimit default 99999 :=
[Guatemala,*,*]:
2016 2017 2018 2019 2020 2021 2022 2023 2024 2025 2026 2027 2028 2029 2030 2031 2032 2033 2034 2035 2036 2037 2038 2039 2040 2041 2042 2043 2044 2045 2046 2047 2048 2049 2050 :=
Bosques 3.534276 3.522682 3.499313 3.478119 3.454614 3.431109 3.407607 3.371220859045541 3.3327788311026807 3.3237130428763964 3.320450177746934 3.3229777264872555 3.3312320620666265 3.345100056562445 3.3644213297078944 3.3830230419482823 3.400899192778777 3.4180432555467184 3.434448162398431 3.450106288505544 3.4650094355437577 3.479148814395752 3.492515027048796 3.50509804765636 3.5168872027316844 3.527871150439964 3.538037858954389 3.547374583839797 3.5558678444261704 3.563503399132665 3.5702662197011845 3.576140464296759 3.5811094494302997 3.5851556206573183 3.588260522004412 
Plantaciones 0.093134 0.092904 0.095586 0.098329 0.101009 0.103688 0.106368 0.1092865526609495 0.1122851853237298 0.1169065502043111 0.1217181183899669 0.1267277181518239 0.1319434999521972 0.1373739497051372 0.1430279025827471 0.1489145573897319 0.1550434915295661 0.1614246765866301 0.1680684945496663 0.1749857547029508 0.1821877112126608 0.1896860814370518 0.1974930649902332 0.2056213635905593 0.2140842017259284 0.2228953481696116 0.2320691383816165 0.241620497832033 0.2515649662843067 0.2619187230779487 0.2726986134518156 0.2839221759507868 0.295607670960429 0.3077741104160733 0.3204412887346401 
CultivosGenerales 1.565284979700029 1.5659558005000007 1.5883676450000008 1.6117880503668542 1.6341563964787331 1.6565231677273813 1.6788883642791166 1.7024341629946782 1.7262123644079856 1.7355581851056712 1.7401045664894974 1.739864645843735 1.7348909580452332 1.725274026814973 1.711140471250457 1.697268520173208 1.6836538293928176 1.670292140069154 1.6571792770403304 1.6443111471842289 1.631683737812908 1.619293115099233 1.6071354225350836 1.5952068794205003 1.5835037793831517 1.5720224889275098 1.5607594460131455 1.5497111586615435 1.5388742035908825 1.5282452248782046 1.517820932648433 1.507598101789696 1.4975735706944258 1.4877442400257244 1.478107071508479 
CultivosPermanentes 0.3548493163740183 0.3553330898 0.37410540397 0.3931237115205698 0.4118932787639094 0.4306615245192354 0.449428448926104 0.4710508473238975 0.4932689115254971 0.4975676543941665 0.5005088363602469 0.5020827564904383 0.502291081315727 0.5011466227852057 0.4986729687434452 0.4962541605014719 0.4938895616035341 0.491578548400145 0.4893205098542197 0.4871148473507124 0.4849609745096959 0.4828583170028285 0.4808063123731511 0.4788044098581624 0.4768520702161173 0.4749487655554968 0.4730939791675976 0.4712872053621908 0.4695279493062013 0.4678157268653562 0.4661500644487575 0.4645304988563302 0.4629565771290996 0.461427856402253 0.4599439037609403 
SAF 0.5129012525085148 0.5143230977 0.5166217484199999 0.519245311898696 0.5215270412984483 0.5238086100510199 0.5260900181733767 0.5284755320130119 0.5308718627776645 0.5344826578849144 0.5381180122921022 0.541778093042551 0.5454630683157508 0.5491731074350871 0.5529083808756204 0.5566690602719201 0.5604553184259505 0.5642673293150117 0.5681052680997329 0.5719693111321219 0.5758596359636678 0.5797764213534996 0.5837198472766001 0.5876900949320757 0.5916873467514827 0.5957117864072093 0.5997635988209162 0.6038429701720329 0.607950087906313 0.612085140744447 0.6162483186907344 0.6204398130418135 0.6246598163954528 0.6289085226593991 0.6331861270602889 
Pastos 4.362174735607344 4.371267446699999 4.34464140926 4.313901131030305 4.287490827565376 4.2610823835412655 4.234675798761608 4.217513360280127 4.20042047831457 4.183396870963918 4.166442257469649 4.149556358211109 4.1327388947009 4.1159895895802885 4.0993081666146285 4.082694350688807 4.066147867802708 4.049668445066692 4.033255810697095 4.0169096940117495 4.000629825425516 3.98441593644584 3.96826775966832 3.9521850287723046 3.936167478516493 3.9202148447345615 3.904326864330816 3.888503275275836 3.872743816602169 3.85704822840002 3.8414162518129618 3.8258476290336736 3.8103421032996816 3.7948994188891296 3.779519321116559 
Humedales 0.2393717997690632 0.2394427828999999 0.2396343371099999 0.2399760540271988 0.2401592732669588 0.2403424796070058 0.2405256730487023 0.2407428463028758 0.2409602156451496 0.241177781252574 0.2413955433023588 0.2416135019718739 0.2418316574386496 0.2420500098803762 0.2422685594749045 0.2424873064002459 0.2427062508345726 0.2429253929562175 0.2431447329436749 0.2433642709755997 0.2435840072308086 0.2438039418882794 0.2440240751271519 0.2442444071267273 0.2444649380664687 0.2446856681260015 0.244906597485113 0.2451277263237531 0.245349054822034 0.2455705831602305 0.2457923115187803 0.246014240078284 0.2462363690195051 0.2464586985233706 0.2466812287709705 
Asentamientos 0.1560581803267494 0.1561166942000001 0.1580322364500001 0.1600479271507276 0.1619589669496328 0.1638698722000874 0.1657806429163008 0.1677840783531829 0.1698117250217212 0.1718638755111988 0.1739408259467986 0.1760428760323342 0.1781703290934969 0.1803234921216261 0.1825026758180073 0.184708194638707 0.1869403668399485 0.1891995145240359 0.1914859636858341 0.1938000442598093 0.1961420901676385 0.1985124393663949 0.2009114338973145 0.203339419935153 0.2057967478381387 0.2082837721985291 0.2108008518937784 0.2133483501383241 0.215926634535998 0.218536077133072 0.2211770544719441 0.2238499476454735 0.2265551423519723 0.2292930289508617 0.2320640025190009 
OtrasTierras 0.0708493702118993 0.0708750634999999 0.0725990515099999 0.0743695755664632 0.0760919641711396 0.0778142315095199 0.0795363775944108 0.0813917610257362 0.0832904258810006 0.0852333818068499 0.087221662002444 0.0892563237688779 0.0913384490714191 0.0934691451148605 0.0956495449322951 0.0978808079876252 0.1001641207921267 0.1025006975353961 0.1048917807310159 0.1073386418772824 0.1098425821333455 0.1124049330111222 0.1150270570833496 0.1177103487081566 0.1204562347705362 0.1232661754411156 0.1261416649526265 0.1290842323944879 0.1320954425259249 0.1351768966080558 0.1383302332553888 0.1415571293071832 0.1448593007191359 0.1482385034758699 0.1516965345247082 
Deforestacion 0.03831 0.036306 0.03831 0.032047 0.038585 0.038677 0.038674 0.038674 0.038674 0.038674 0.038674 0.038674 0.038674 0.038674 0.038674 0.038674 0.038674 0.038674 0.038674 0.038674 0.038674 0.038674 0.038674 0.038674 0.038674 0.038674 0.038674 0.038674 0.038674 0.038674 0.038674 0.038674 0.038674 0.038674 0.038674 
Restauracion 0.017623 0.024483 0.017623 0.018 0.017613 0.017611 0.017609 0.0022878590455409 0.0002319720571396 0.0296082117737156 0.0354111348705382 0.0412015487403209 0.0469283355793709 0.0525419944958184 0.0579952731454495 0.0572757122403878 0.0565501508304945 0.0558180627679415 0.0550789068517124 0.0543321261071129 0.0535771470382139 0.0528133788519939 0.052040212653044 0.0512570206075643 0.0504631550753244 0.0496579477082793 0.0488407085144256 0.0480107248854079 0.047167260586373 0.046309554706495 0.045436820568519 0.0445482445955743 0.0436429851335403 0.042720171227019 0.0417789013470938 
AreaIncendiada 0.013122886374892 0.013122886374892 0.020088888070402 0.0551456935627989 0.0757143879556796 0.0355601843074755 0.018935507387443 0.020088888070402 0.019887999189698 0.019689119197801 0.019492228005823 0.0192973057257648 0.0191043326685071 0.018913289341822 0.0187241564484038 0.0185369148839198 0.0183515457350806 0.0181680302777298 0.0179863499749525 0.0178064864752029 0.0176284216104509 0.0174521373943464 0.0172776160204029 0.0171048398601989 0.0169337914615969 0.016764453546981 0.0165968090115111 0.016430840921396 0.0162665325121821 0.0161038671870603 0.0159428285151897 0.0157834002300378 0.0156255662277374 0.01546931056546 0.0153146174598054 
Lena 10.66684333049899 10.907888275498989 11.152997786249 11.27263805739922 11.43522156215959 11.517316336664123 11.626969871940226 11.73816662422635 11.84494403679818 11.941851180577274 12.028721667477535 12.105424420924368 12.173356508689285 12.23212668913142 12.281303175347263 12.320436322831595 12.349035770858848 12.366567499156403 12.37241718371762 12.36593314666119 12.345812353527084 12.311594228204548 12.2623212325757 12.19689058704698 12.114265993713962 12.013209295838418 11.892392832015531 11.75039429395308 11.585655387944197 11.396522137571058 11.181205238147752 10.937762737408011 10.664112513275022 10.357998305585552 10.016989680843055 
Lena_total 15.34008280688429 15.56409279023094 15.792769952258077 15.962993088271396 16.10454503732149 16.164481800805138 16.252761624094106 16.34278807798443 16.428683804315817 16.440101730246052 16.438065274993924 16.4226035120799 16.40225227930565 16.376953062749294 16.346643500739063 16.311283884398627 16.270836976561696 16.225268611058198 16.174513620819617 16.11852453134465 16.01571691350208 15.937704734540086 15.85249238702992 15.75851725269576 15.664958469143665 15.565733846833323 15.46119652973464 15.35210604681208 15.237190700824716 15.117206979733162 14.991346442358086 14.859222446134208 14.720670070980647 14.575293207357095 14.422800445248008 
Estufa_nueva 0.015 0.015 0.015 0.015 0.015 0.015 0.015 0.015 0.015 0.0173333333333333 0.0196666666666666 0.022 0.02376 0.0256608 0.027713664 0.02993075712 0.0323252176896 0.034911235104768 0.0377041339131494 0.0407204646262014 0.0439781017962975 0.0474963499400013 0.0512960579352014 0.0553997425700175 0.0598317219756189 0.0646182597336684 0.0697877205123619 0.0753707381533509 0.081400397205619 0.0879124289820685 0.094945423300634 0.1025410571646847 0.1107443417378595 0.1196038890768883 0.1291722002030394 
Estufa_stock 0.2 0.215 0.23 0.245 0.26 0.2750000000000001 0.2900000000000001 0.3050000000000001 0.3200000000000001 0.3373333333333334 0.3570000000000001 0.3790000000000001 0.4027600000000001 0.4284208000000001 0.4561344640000001 0.4860652211200001 0.5183904388096001 0.5533016739143681 0.5910058078275175 0.6317262724537189 0.6757043742500164 0.7232007241900177 0.7744967821252191 0.8298965246952367 0.8897282466708556 0.954346506404524 1.024134226916886 1.099504965070237 1.180905362275856 1.2688177912579246 1.3637632145585583 1.4663042717232433 1.5770486134611028 1.696652502537991 1.8258247027410304 
Casas_lena 1.7460339012267838 1.757518320613392 1.76900274 1.7990203319564833 1.818666555489788 1.8376198868487716 1.857608122641692 1.8778788429692783 1.8977923523691385 1.9102187923465583 1.92245842355701 1.9345100670303144 1.946368212902598 1.9580325257254672 1.9695024381947983 1.9807798088649144 1.991866916643036 2.002766527380517 2.013478476785401 2.024004553907542 2.028953107217476 2.037611613642221 2.045837560718532 2.0534290365866137 2.0616246140451158 2.069627963887362 2.0775016248001528 2.085367638183198 2.093068343915037 2.100728684693173 2.108254477653483 2.1156103963042847 2.122792769382286 2.129764674501984 2.1365041603714583 
AG1a 0.0152992769392964 0.0160642407862612 0.0168674528255743 0.017710825466853 0.0185963667401956 0.0195261850772054 0.0205024943310657 0.021527619047619 0.022604 0.0242993 0.0261217474999999 0.0280808785624999 0.0301869444546874 0.032450965288789 0.0348847876854482 0.0375011467618568 0.0403137327689961 0.0433372627266708 0.0465875574311711 0.0500816242385089 0.0538377460563971 0.0578755770106269 0.0622162452864239 0.0668824636829057 0.0718986484591236 0.0772910470935579 0.0830878756255747 0.0893194662974928 0.0960184262698048 0.1032198082400401 0.1109612938580431 0.1192833908973964 0.1282296452147011 0.1378468686058037 0.1481853837512389 
AG1b 0.1824722251592 0.1832162995638582 0.1823364426821963 0.1641001352162287 0.155705395479354 0.1626670564792813 0.1549313553589655 0.15001017615701 0.1452453113736668 0.1383250381611443 0.1317344842413344 0.1254579400015314 0.1194804443200545 0.113787748904082 0.1083662843266242 0.1032031276816786 0.0982859717804689 0.093603095815342 0.0891433374213954 0.0848960660692408 0.0808511577254798 0.0769989707204918 0.0733303227660117 0.0698364690677142 0.0665090814806331 0.0633402286577299 0.060322357144291 0.0574482733730916 0.0547111265174062 0.0521043921609953 0.0496218567461421 0.0472576027626692 0.0450059946426303 0.0428616653270556 0.0408195034727301 
AG2 0.5129012525085148 0.5143230977 0.5166217484199999 0.519245311898696 0.5215270412984483 0.5238086100510199 0.5260900181733767 0.5284755320130119 0.5308718627776645 0.5344826578849144 0.5381180122921022 0.541778093042551 0.5454630683157508 0.5491731074350871 0.5529083808756204 0.5566690602719201 0.5604553184259505 0.5642673293150117 0.5681052680997329 0.5719693111321219 0.5758596359636678 0.5797764213534996 0.5837198472766001 0.5876900949320757 0.5916873467514827 0.5957117864072093 0.5997635988209162 0.6038429701720329 0.607950087906313 0.612085140744447 0.6162483186907344 0.6204398130418135 0.6246598163954528 0.6289085226593991 0.6331861270602889 
AG3 0.107614692 0.125550474 0.143486256 0.161422038 0.17935782 0.18356680996194 0.1877583745006109 0.1919267981728989 0.196066275355892 0.2024094114962058 0.2089577607769311 0.2157179622535863 0.2226968697684143 0.2299015588991621 0.2373393341326677 0.2450177362705278 0.2529445500743519 0.2611278121583573 0.2695758191373045 0.2782971360380346 0.287300604983137 0.2965953541555515 0.3061908070531919 0.3160966920429767 0.3263230522239511 0.3368802556095003 0.3477790056389788 0.3590303520294111 0.3706457019782665 0.3826368317286673 0.3950158985087532 0.4077954528573084 0.420988451348148 0.4346082697261632 0.448668716468344 
AG4 0.0 0.0 0.0 0.0 0.0 0.0 0.0 0.0 0.0 0.001912606002568 0.0039005341946219 0.00596836273723 0.0081208254598315 0.0103627876058487 0.0126992678612395 0.0151354246577415 0.0176765732156648 0.0203281925695749 0.023095985746539 0.0259858320359436 0.0290038584271621 0.0321564551183941 0.0354503014880614 0.0388924400982125 0.0424902873746011 0.0462516519329291 0.0501847423793646 0.0542982415987745 0.058601290468118 0.0631035389664526 0.0678151257481337 0.0727467814781593 0.0779097977502584 0.0833161252262389 0.0889783698517017 
GAN1 0.281321188 0.312178608 0.3308046720000001 0.3639903500000001 0.3987282 0.4140639 0.4293996 0.4447353 0.460071 0.47387313 0.4880893239 0.502732003617 0.51781396372551 0.5333483826372752 0.5493488341163936 0.5658292991398853 0.5828041781140819 0.6002883034575045 0.6182969525612296 0.627571406849648 0.6369849779523926 0.6465397526216785 0.6562378489110037 0.6660814166446687 0.6760726378943387 0.6862137274627537 0.6965069333746949 0.7069545373753152 0.7175588554359449 0.728322238267484 0.7392470718414962 0.7503357779191185 0.7615908145879052 0.7730146768067236 0.7846098969588244 
GAN2 0.0328377142857142 0.0346847857142857 0.0365318571428571 0.0383789285714285 0.040226 0.0421619658555196 0.0441911043803014 0.0463178997166006 0.048547051816007 0.052051704330622 0.055809360658831 0.0598382853587966 0.064158061522502 0.0687896859618159 0.0737556712661215 0.0790801552275697 0.0847890181658349 0.0909100087226425 0.0974728787375097 0.1045095278602796 0.1120541586033556 0.120143442587287 0.1288166987877634 0.1381160846504097 0.1480868010023187 0.1587773117563195 0.1702395794758829 0.1825293179456538 0.1957062629752646 0.2098344627527021 0.2249825891585297 0.2412242715541442 0.258638454666488 0.2773097823087603 0.2973290088022479 
GAN3 0.0272816947393243 0.0275563335481225 0.0278309723569207 0.0281056111657188 0.0283805218941296 0.0286551607029277 0.0289297995117259 0.0292125959919447 0.0294981568829296 0.029252407710599 0.0295093647139862 0.0297667468165526 0.0300243843264285 0.0302820887314081 0.0305396505315242 0.0307968367919036 0.0310533883766443 0.0313090168186351 0.031563400773535 0.0318161819983906 0.0320669607864402 0.0323152907793439 0.0325606730661734 0.0328025494647388 0.0330402948649338 0.0332732084954046 0.0335005039536018 0.0337212978146937 0.0339345966063904 0.0341392819038212 0.0343340932605218 0.034517608647491 0.0346882220212137 0.0348441175823994 0.0349838073836715 
FOLU1 0.093134 0.092904 0.095586 0.098329 0.101009 0.103688 0.106368 0.1092865526609495 0.1122851853237298 0.1169065502043111 0.1217181183899669 0.1267277181518239 0.1319434999521972 0.1373739497051372 0.1430279025827471 0.1489145573897319 0.1550434915295661 0.1614246765866301 0.1680684945496663 0.1749857547029508 0.1821877112126608 0.1896860814370518 0.1974930649902332 0.2056213635905593 0.2140842017259284 0.2228953481696116 0.2320691383816165 0.241620497832033 0.2515649662843067 0.2619187230779487 0.2726986134518156 0.2839221759507868 0.295607670960429 0.3077741104160733 0.3204412887346401 
FOLU2 0.0477251 0.0770630279999999 0.10460454744 0.1391589464911999 0.167712397561376 0.1982374396101484 0.2200448508179455 0.2297296638015865 0.2369768905255548 0.2481906704020383 0.2599350879235654 0.2722352529383263 0.2851174634960684 0.2986092620739616 0.3127394944630793 0.327538371441396 0.3430375333651602 0.3592701178167397 0.3762708304535728 0.3940760192097017 0.4127237520085332 0.4322538981529775 0.4527082135669807 0.4741304300706982 0.496566348880182 0.520063938531486 0.5446734374385546 0.570447461304164 0.5974411156135656 0.6257121134513435 0.6553208988933822 0.6863307762377608 0.7188080453508703 0.752822143418128 0.7884457934023574 
FOLU3 0.0335990308778371 0.0517931930249339 0.0531209812812176 0.0577376279756411 0.0631404939622409 0.065683281398873 0.0697057957770302 0.0752151473934574 0.0808444405347998 0.0879586420287641 0.0953914215450427 0.1031585287209161 0.1112765472636094 0.1197629409983638 0.1286361025181058 0.1379154045834972 0.1476212544307104 0.157775151153329 0.1683997463343545 0.1795189081144305 0.1911577888931149 0.2033428968713639 0.216102171655387 0.22946506415471 0.2434626210207046 0.2581275738860309 0.2734944336804502 0.2895995903143448 0.3064814180380781 0.3241803868030894 0.3427391799694168 0.3622028187242155 0.3826187935968682 0.404037203478527 0.4265109025774531 
FOLU4 0.026298 0.02195 0.012829 0.046375 0.078057 0.010018 0.021877 0.037681 0.19394 0.0483949166666666 0.0469430691666666 0.0455347770916666 0.0441687337789166 0.0428436717655491 0.0415583616125826 0.0403116107642052 0.039102262441279 0.0379291945680406 0.0367913187309994 0.0356875791690694 0.0346169517939973 0.0335784432401774 0.0325710899429721 0.0315939572446829 0.0306461385273424 0.0297267543715222 0.0288349517403765 0.0279699031881652 0.0271308060925202 0.0263168819097446 0.0255273754524523 0.0247615541888787 0.0240187075632124 0.023298146336316 0.0225992019462265 
NUEVAFOLU 0.2 0.215 0.23 0.245 0.26 0.2750000000000001 0.2900000000000001 0.3050000000000001 0.3200000000000001 0.3373333333333334 0.3570000000000001 0.3790000000000001 0.4027600000000001 0.4284208000000001 0.4561344640000001 0.4860652211200001 0.5183904388096001 0.5533016739143681 0.5910058078275175 0.6317262724537189 0.6757043742500164 0.7232007241900177 0.7744967821252191 0.8298965246952367 0.8897282466708556 0.954346506404524 1.024134226916886 1.099504965070237 1.180905362275856 1.2688177912579246 1.3637632145585583 1.4663042717232433 1.5770486134611028 1.696652502537991 1.8258247027410304 
FermentacionEnterica 0.1644980529999989 0.1660717719999999 0.1676454859999989 0.169219204 0.1707929879999988 0.1723666969999999 0.1739404209999989 0.1755615056577237 0.1771987368681538 0.1771417792812371 0.1770851125053579 0.1770287383857519 0.1769726587939444 0.1769168756280231 0.1768613908129133 0.1768062063006566 0.1767513240706938 0.1766967461301496 0.1766424745141214 0.1765885112859719 0.1765348585376244 0.1764815183898612 0.1764284929926274 0.1763757845253357 0.1763233951971765 0.1762713272474312 0.1762195829457886 0.1761681645926662 0.1761170745195337 0.1760663150892414 0.176015888696352 0.1759657977674763 0.175916044761613 0.1758666321704921 0.175817562518922 
GestionEstiercol1 0.0057362487799999 0.0058276596899999 0.0059190698299999 0.0060104797399999 0.0061018922699999 0.0060776549599999 0.0061690660199999 0.0062410355927507 0.0063140359191809 0.0063842475035918 0.0064590359089995 0.0065348746268076 0.0066117774915476 0.0066897582699196 0.0067688306180967 0.0068490080320771 0.0069303037899962 0.0070127308851304 0.007096301948129 0.007181029156771 0.0072669241312724 0.0073539978128541 0.0074422603229097 0.0075317207996851 0.007622387208887 0.0077142661240551 0.0078073624718627 0.0079016792367303 0.0079972171182255 0.0080939741336682 0.0081919451571325 0.0082911213846063 0.008391489713412 0.00849303202206 0.008595746229229 
GestionEstiercol2 0.0005828704247158 0.0005908761936024 0.0005988818954456 0.0006068875228949 0.000614894288944 0.0006157245813312 0.0006237303633043 0.0006306061188457 0.0006375718183915 0.0006430185144942 0.0006500728134791 0.0006572148824151 0.0006644456239018 0.0006717659271545 0.0006791766652412 0.0006866786920162 0.0006942728387168 0.0007019599101876 0.000709740680691 0.0007176158892607 0.0007255862345494 0.0007336523691129 0.0007418148930742 0.0007500743470961 0.0007584312045902 0.0007668858630781 0.0007754386346124 0.0007840897351555 0.0007928392728026 0.000801687234722 0.0008106334726732 0.0008196776869459 0.0008288194085489 0.000838057979454 0.00084739235752 
CultivoArroz 0.0243180448895999 0.0215889050823599 0.0205367954945999 0.0215394721634399 0.02217029523324 0.0228011183030399 0.02343194137284 0.02343194137284 0.02343194137284 0.02343194137284 0.02343194137284 0.02343194137284 0.02343194137284 0.02343194137284 0.02343194137284 0.02343194137284 0.02343194137284 0.02343194137284 0.02343194137284 0.02343194137284 0.02343194137284 0.02343194137284 0.02343194137284 0.02343194137284 0.02343194137284 0.02343194137284 0.02343194137284 0.02343194137284 0.02343194137284 0.02343194137284 0.02343194137284 0.02343194137284 0.02343194137284 0.02343194137284 0.02343194137284 
SuelosAgricolas 1.299960953518415 1.3479312594206967 1.4618460805703406 1.2765589335144492 0.9613384543908952 0.9292038217765842 0.85540137999395 0.85540137999395 0.85540137999395 0.85540137999395 0.85540137999395 0.85540137999395 0.85540137999395 0.85540137999395 0.85540137999395 0.85540137999395 0.85540137999395 0.85540137999395 0.85540137999395 0.85540137999395 0.85540137999395 0.85540137999395 0.85540137999395 0.85540137999395 0.85540137999395 0.85540137999395 0.85540137999395 0.85540137999395 0.85540137999395 0.85540137999395 0.85540137999395 0.85540137999395 0.85540137999395 0.85540137999395 0.85540137999395 
OtrosAgricolas 0.8392200000000001 0.6120099999999999 0.39857 0.5353300000000001 0.58241 0.40493 0.4162099999999999 0.4162099999999999 0.4162099999999999 0.4162099999999999 0.4162099999999999 0.4162099999999999 0.4162099999999999 0.4162099999999999 0.4162099999999999 0.4162099999999999 0.4162099999999999 0.4162099999999999 0.4162099999999999 0.4162099999999999 0.4162099999999999 0.4162099999999999 0.4162099999999999 0.4162099999999999 0.4162099999999999 0.4162099999999999 0.4162099999999999 0.4162099999999999 0.4162099999999999 0.4162099999999999 0.4162099999999999 0.4162099999999999 0.4162099999999999 0.4162099999999999 0.4162099999999999 
;

param VariableCost default 0 :=
[Guatemala,GAN1,*,*]:
2016 2017 2018 2019 2020 2021 2022 2023 2024 2025 2026 2027 2028 2029 2030 2031 2032 2033 2034 2035 2036 2037 2038 2039 2040 2041 2042 2043 2044 2045 2046 2047 2048 2049 2050 :=
1 -15.416401102399988 -17.107387718399988 -18.12809602559999 -19.94667117999999 -21.850305359999982 -22.690701719999986 -23.531098079999985 -24.371494439999974 -25.211890799999978 -25.968247523999977 -26.74729494971998 -27.549713798211577 -28.376205212157924 -29.22749136852266 -30.104316109578345 -31.00744559286569 -31.937668960651667 -32.89579902947122 -33.882673000355354 -34.39091309536068 -34.90677679179109 -35.430378443667955 -35.96183412032297 -36.50126163212781 -37.04878055660973 -37.60451226495886 -38.16857994893325 -38.741108648167234 -39.32222527788974 -39.91205865705809 -40.51073953691395 -41.11840062996766 -41.73517663941717 -42.36120428900843 -42.99662235334355 
[Guatemala,AG3,*,*]:
2016 2017 2018 2019 2020 2021 2022 2023 2024 2025 2026 2027 2028 2029 2030 2031 2032 2033 2034 2035 2036 2037 2038 2039 2040 2041 2042 2043 2044 2045 2046 2047 2048 2049 2050 :=
1 58.42509243372001 68.16260783934 77.90012324496001 87.63763865058002 97.37515405620002 99.66025679643684 101.9358991001267 104.1989779960486 106.44634155346736 108.74217624809256 111.08752750541142 113.48346329864812 115.93107463507336 118.43147605280264 120.98580612830948 123.59522799488488 126.26092987227854 128.98412560776384 131.76605522887212 134.60798550804844 137.51121053948603 140.47705232840167 143.50686139302067 146.6020173795453 149.76392969038733 152.9940381259496 156.29381354025008 159.66475851068623 163.1084080222447 166.62633016646848 170.2201268554989 173.89143455151833 177.64192501192545 181.47330605058264 185.38732231548167 
[Guatemala,AG2,*,*]:
2016 2017 2018 2019 2020 2021 2022 2023 2024 2025 2026 2027 2028 2029 2030 2031 2032 2033 2034 2035 2036 2037 2038 2039 2040 2041 2042 2043 2044 2045 2046 2047 2048 2049 2050 :=
1 97.84617194104936 98.11741734822898 98.55593094608336 99.05642815091424 99.49171366850496 99.92696853943303 100.36219276693508 100.81727724212226 101.27442526209506 101.7336461838351 102.19494940675256 102.65834437287846 103.12384056705795 103.59144751714452 104.06117479419494 104.53303201266516 105.00702883060715 105.48317494986658 105.96148011628134 106.44195411988105 106.92460679508748 107.4094480209158 107.89648772117678 108.38573586467996 108.87720246543768 109.37089758286996 109.86683132201053 110.36501383371356 110.8654553148615 111.3681660085738 111.87315620441645 112.3804362386127 112.8900164942546 113.40190740151552 113.9161194378636 
[Guatemala,GAN2,*,*]:
2016 2017 2018 2019 2020 2021 2022 2023 2024 2025 2026 2027 2028 2029 2030 2031 2032 2033 2034 2035 2036 2037 2038 2039 2040 2041 2042 2043 2044 2045 2046 2047 2048 2049 2050 :=
1 18.34872961142857 19.380817713571428 20.41290581571429 21.444993917857143 22.47708202 23.558841661088728 24.69266339458105 25.881052824644925 27.12663614323026 29.08493082882166 31.184596455334997 33.43583870993482 35.84960003692844 38.437612824883885 41.21245643337071 44.187618336509146 47.3775596805236 50.79778557395096 54.4649204521583 58.39678888248846 62.61250220279704 67.1325514144984 71.9789067816386 77.17512462010946 82.7464617960656 88.71999849007867 95.1247698237391 101.99190698849304 109.35478856268864 117.24920275232736 125.71352134411164 134.78888621630912 144.51940931399352 154.95238706066596 166.13853024843203 
[Guatemala,AG1a,*,*]:
2016 2017 2018 2019 2020 2021 2022 2023 2024 2025 2026 2027 2028 2029 2030 2031 2032 2033 2034 2035 2036 2037 2038 2039 2040 2041 2042 2043 2044 2045 2046 2047 2048 2049 2050 :=
1 -6.799916628439696 -7.13991245986168 -7.496908082854764 -7.871753486997504 -8.26534116134738 -8.67860821941475 -9.112538630385489 -9.56816556190476 -10.046573840000002 -10.800066878 -11.61007189385 -12.480827285888749 -13.416889332330406 -14.423156032255184 -15.50489273467432 -16.667759689774897 -17.91784166650801 -19.261679791496118 -20.70630577585832 -22.259278709047692 -23.92872461222627 -25.72337895814324 -27.65263238000398 -29.72657980850428 -31.956073294142094 -34.35277879120275 -36.92923720054296 -39.69892999058367 -42.676349739877445 -45.87707597036825 -49.31785666814587 -53.01669591825681 -56.99294811212607 -61.26741922053552 -65.86247566207568 
[Guatemala,FOLU4,*,*]:
2016 2017 2018 2019 2020 2021 2022 2023 2024 2025 2026 2027 2028 2029 2030 2031 2032 2033 2034 2035 2036 2037 2038 2039 2040 2041 2042 2043 2044 2045 2046 2047 2048 2049 2050 :=
1 3.15733788 2.635317 1.54024974 5.5677825 9.37152342 1.20276108 2.62655262 4.52398086 23.2844364 5.810293695 5.635984884149999 5.4669053376255 5.302898177496735 5.143811232171832 4.989496895206677 4.839811988350476 4.694617628699962 4.5537790998389625 4.417165726843795 4.284650755038481 4.1561112323873255 4.031427895415706 3.9104850585532342 3.7931705067966375 3.679375391592738 3.568994129844956 3.4619243059496068 3.3580665767711184 3.257324579467985 3.159604842083945 3.0648166968214268 2.9728721959167843 2.883686030039281 2.797175449138102 2.713260185663959 
[Guatemala,FOLU2,*,*]:
2016 2017 2018 2019 2020 2021 2022 2023 2024 2025 2026 2027 2028 2029 2030 2031 2032 2033 2034 2035 2036 2037 2038 2039 2040 2041 2042 2043 2044 2045 2046 2047 2048 2049 2050 :=
1 4.903276773999999 7.917455496719998 10.7470712039856 14.297190162505885 17.230771725455767 20.36691454554665 22.60740797303572 23.602425658975005 24.347005732595505 25.49910947710542 26.705730933267112 27.969449886883645 29.29296819958607 30.67911558547882 32.13085566113677 33.65129228188902 35.24367617793656 36.91141190449183 38.65806512080007 40.48737021360476 42.4032382813567 44.40976549623691 46.5112418618716 48.712160385463534 51.01722668394989 53.43136904472488 55.9597489624371 58.60777217438981 61.38110021813773 64.28566253599102 67.32766915230609 70.51362395066755 73.8503385793484 77.34494701477847 81.00492081415818 
[Guatemala,AG4,*,*]:
2016 2017 2018 2019 2020 2021 2022 2023 2024 2025 2026 2027 2028 2029 2030 2031 2032 2033 2034 2035 2036 2037 2038 2039 2040 2041 2042 2043 2044 2045 2046 2047 2048 2049 2050 :=
1 0.0 0.0 0.0 0.0 0.0 0.0 0.0 0.0 0.0 -0.0040802261388115 -0.0083350848766723 -0.0127751593732664 -0.0174114297148236 -0.0222552233804039 -0.0273182647394964 -0.0326126480294277 -0.0381508763719405 -0.043945879484478 -0.0500111466212712 -0.0563606267346037 -0.0630088864894773 -0.0699711480759125 -0.0772633501312391 -0.0849023140425968 -0.0929057733281964 -0.101292419959057 -0.1100819279467191 -0.1192951231379398 -0.1289539552213158 -0.1390816178968889 -0.1497025121579659 -0.1608424827400818 -0.1725287590208325 -0.1847901818268507 -0.1976572058197244 
[Guatemala,AG1b,*,*]:
2016 2017 2018 2019 2020 2021 2022 2023 2024 2025 2026 2027 2028 2029 2030 2031 2032 2033 2034 2035 2036 2037 2038 2039 2040 2041 2042 2043 2044 2045 2046 2047 2048 2049 2050 :=
1 -2.5959525157414327 -2.6065381367639517 -2.5940207978459333 -2.334580829912129 -2.215152540374248 -2.3141930456935267 -2.2041406102240333 -2.134129146733713 -2.0663415000894325 -1.9678898007144048 -1.874128873464609 -1.784835224553037 -1.6997960086470258 -1.61880852151823 -1.5416797168654903 -1.4682257461588817 -1.398271520408078 -1.3316502928104514 -1.268203261284071 -1.207779189938185 -1.150234048578897 -1.0954306693907474 -1.0432384199758389 -0.9935328919711528 -0.94619560450182 -0.9011137217634856 -0.8581797840605785 -0.8172914516593748 -0.7783512608452878 -0.7412663916029107 -0.7059484463650383 -0.6723132393032866 -0.6402805956580452 -0.6097741606294396 -0.580721217373762 
[Guatemala,FOLU3,*,*]:
2016 2017 2018 2019 2020 2021 2022 2023 2024 2025 2026 2027 2028 2029 2030 2031 2032 2033 2034 2035 2036 2037 2038 2039 2040 2041 2042 2043 2044 2045 2046 2047 2048 2049 2050 :=
1 14.31957096982542 22.0737409352966 22.63963101224217 24.60719966693849 26.90984712176745 27.993557699385683 29.70791310221251 32.05594366761765 34.455092111526334 37.48709364623899 40.65486994828176 43.96513335556723 47.42495167827771 51.041767824092695 54.82342053219152 58.778166279440704 62.91470242582449 67.24219167003731 71.77028789023855 76.50916344928918 81.46953804835665 86.66270921760662 92.1005845378094 97.79571569209584 103.7613344528141 110.01139071448756 116.56059269027106 123.42444939607064 130.61931555364853 138.16243905160871 146.07201111116575 154.36721931207342 163.06830364304923 172.19661575051344 181.77468156948476 
[Guatemala,NUEVAFOLU,*,*]:
2016 2017 2018 2019 2020 2021 2022 2023 2024 2025 2026 2027 2028 2029 2030 2031 2032 2033 2034 2035 2036 2037 2038 2039 2040 2041 2042 2043 2044 2045 2046 2047 2048 2049 2050 :=
1 -41.9 -45.0425 -48.18500000000001 -51.327500000000015 -54.47000000000001 -57.61250000000001 -60.75500000000002 -63.89750000000002 -67.04000000000002 -70.67133333333337 -74.79150000000003 -79.40050000000004 -84.33213000000003 -89.60897410000003 -95.25519728700002 -101.29665609709002 -107.76101702388632 -114.67788321555835 -122.07893004064744 -129.99805014349278 -138.47150865353728 -147.53810925928488 -157.23937190743484 -167.61972294095526 -178.72669854682212 -190.6111624450997 -203.32753881625663 -216.93406153339467 -231.4930408407323 -247.0711486995835 -263.7397241085544 -281.5750997961532 -300.658951781884 -321.07867340661585 -342.92777554507893 
[Guatemala,GAN3,*,*]:
2016 2017 2018 2019 2020 2021 2022 2023 2024 2025 2026 2027 2028 2029 2030 2031 2032 2033 2034 2035 2036 2037 2038 2039 2040 2041 2042 2043 2044 2045 2046 2047 2048 2049 2050 :=
1 0.0092947617021276 0.0126958617021276 0.0160969617021276 0.0194980617021276 0.0228991617021276 0.0263002617021276 0.0297013617021276 0.0331024617021276 0.0365035617021276 0.0418459962682978 0.0479876326620412 0.0550492146468708 0.0631698076265938 0.0725095840557572 0.083253032661328 0.095612655983237 0.1098332305615453 0.1261967154131514 0.145027907478773 0.166700957743673 0.1916468790454519 0.2203621965274082 0.2534189146776985 0.2914760013751111 0.3352926198744015 0.3857433748216151 0.4438358788998929 0.5107309933838339 0.5877661496645771 0.6764822207803214 0.7786544833946892 0.8963282929446821 1.0318601894861237 1.1879652610046865 1.3679298127659574 
[Guatemala,Lena_total,*,*]:
2016 2017 2018 2019 2020 2021 2022 2023 2024 2025 2026 2027 2028 2029 2030 2031 2032 2033 2034 2035 2036 2037 2038 2039 2040 2041 2042 2043 2044 2045 2046 2047 2048 2049 2050 :=
1 17.73859991797748 18.290274406516676 18.900950414230067 19.58500965525799 20.16032684124625 20.82561762700737 21.450386155817597 22.09389774049212 22.756714672706885 23.439416112888093 24.142598596274738 24.86687655416298 25.612882850787877 26.38126933631151 27.172707416400858 27.987888638892883 28.82752529805967 29.69235105700146 30.583121588711503 31.500615236372848 32.44563369346403 33.41900270426795 34.421572785395995 35.45421996895787 36.51784656802661 37.61338196506741 38.74178342401944 39.90403692674002 41.10115803454222 42.334192775578494 43.60421855884585 44.91234511561123 46.259715469079566 47.64750693315195 49.076932141146514 
[Guatemala,FOLU1,*,*]:
2016 2017 2018 2019 2020 2021 2022 2023 2024 2025 2026 2027 2028 2029 2030 2031 2032 2033 2034 2035 2036 2037 2038 2039 2040 2041 2042 2043 2044 2045 2046 2047 2048 2049 2050 :=
1 5.13353872280829 5.120857456 5.2686760214504 5.41988602844291 5.567601138107343 5.715305847758584 5.8630001584949385 6.023870671372146 6.189155190937703 6.3589748298473445 6.533454023877146 6.712720623104152 6.896905985588842 7.086145073628093 7.280576552649149 7.480342892817067 7.685590473430092 7.896469690179469 8.113135065352273 8.335745361057999 8.564463695561924 8.79945766281042 9.04089945523585 9.288965989931022 9.543839038285627 9.80570535917972 10.074756835831728 10.351190616401414 10.63520925845066 10.927020877368063 11.226839298866013 11.53488421566202 11.851381348459151 12.176562611343414 12.510666281719418 
;

param YearSplit default 0 :
2016 2017 2018 2019 2020 2021 2022 2023 2024 2025 2026 2027 2028 2029 2030 2031 2032 2033 2034 2035 2036 2037 2038 2039 2040 2041 2042 2043 2044 2045 2046 2047 2048 2049 2050 :=
All 1 1 1 1 1 1 1 1 1 1 1 1 1 1 1 1 1 1 1 1 1 1 1 1 1 1 1 1 1 1 1 1 1 1 1 
;

param AnnualEmissionLimit default 99999 :=
;
param AnnualExogenousEmission default 0 :=
;
param AvailabilityFactor default 1 :=
;
param CapacityFactor default 1 :=
;
param CapacityOfOneTechnologyUnit default 0 :=
;
param CapacityToActivityUnit default 1 :=
;
param CapitalCostStorage default 0 :=
;
param Conversionld default 0 :=
;
param Conversionlh default 0 :=
;
param Conversionls default 0 :=
;
param DaySplit default 0.00137 :=
;
param DaysInDayType default 7 :=
;
param DepreciationMethod default 1 :=
;
param DiscountRate default 0.08 :=
;
param MinStorageCharge default 0 :=
;
param ModelPeriodEmissionLimit default 99999 :=
;
param ModelPeriodExogenousEmission default 0 :=
;
param OperationalLifeStorage default 1 :=
;
param REMinProductionTarget default 0 :=
;
param RETagFuel default 0 :=
;
param RETagTechnology default 0 :=
;
param ReserveMargin default 0 :=
;
param ReserveMarginTagFuel default 0 :=
;
param ReserveMarginTagTechnology default 0 :=
;
param ResidualStorageCapacity default 0 :=
;
param ResidualCapacity default 0 :=
;
param StorageLevelStart default 0 :=
;
param StorageMaxChargeRate default 0 :=
;
param StorageMaxDischargeRate default 0 :=
;
param TechnologyFromStorage default 0 :=
;
param TechnologyToStorage default 0 :=
;
param TotalAnnualMaxCapacityInvestment default 99999 :=
;
param TotalAnnualMinCapacity default 0 :=
;
param TotalAnnualMinCapacityInvestment default 0 :=
;
param TotalTechnologyModelPeriodActivityLowerLimit default 0 :=
;
param TotalTechnologyModelPeriodActivityUpperLimit default 99999 :=
;
param TradeRoute default 0 :=
;
param AccumulatedAnnualDemand default 0 :=
;
param TotalAnnualMaxCapacity default 99999 :=
;
#
end;
