###############
#    Sets     #
###############
#
set DAILYTIMEBRACKET :=  ;
set DAYTYPE :=  ;
set SEASON :=  ;
set STORAGE :=  ;
set YEAR := 2018 2019 2020 2021 2022 2023 2024 2025 2026 2027 2028 2029 2030 2031 2032 2033 2034 2035 2036 2037 2038 2039 2040 2041 2042 2043 2044 2045 2046 2047 2048 2049 2050 ;
set TECHNOLOGY := RAW_MAT_CLK RAW_MAT_CEM IMP_STOR LIME_CAL_PROD LIME_DOL_PROD GLASS_PROD CARBONATE_CERAMICS CARBONATE_ASH IRON_STEEL PROD_FERRO LUBRI_OILS PARAFFIN REFR_AC_HFC32 REFR_AC_HFC125 REFR_AC_HFC134a REFR_AC_HFC143a PROD_CLK_TRAD PROD_CEM T5CEM_PRODIND T5LIME_CAL_PRODIPPU T5LIME_DOL_PRODIPPU T5GLASS_PRODIPPU T5CARBONATE_CERAMICSIPPU T5CARBONATE_ASHIPPU T5IRON_STEELIPPU T5PROD_FERROIPPU T5LUBRI_OILSIPPU T5PARAFFINIPPU T5REFR_AC_HFC32IPPU T5REFR_AC_HFC125IPPU T5REFR_AC_HFC134aIPPU T5REFR_AC_HFC143aIPPU ;
set TIMESLICE := All ;
set FUEL := RAW_MAT_CLK RAW_MAT_CEM CLK_PROD LIME_CAL_PROD LIME_DOL_PROD GLASS_PROD CARBONATE_CERAMICS CARBONATE_ASH IRON_STEEL PROD_FERRO LUBRI_OILS PARAFFIN REFR_AC_HFC32 REFR_AC_HFC125 REFR_AC_HFC134a REFR_AC_HFC143a CEM_PROD E5INDCEM_PROD E5IPPULIME_CAL_PROD E5IPPULIME_DOL_PROD E5IPPUGLASS_PROD E5IPPUCARBONATE_CERAMICS E5IPPUCARBONATE_ASH E5IPPUIRON_STEEL E5IPPUPROD_FERRO E5IPPULUBRI_OILS E5IPPUPARAFFIN E5IPPUREFR_AC_HFC32 E5IPPUREFR_AC_HFC125 E5IPPUREFR_AC_HFC134a E5IPPUREFR_AC_HFC143a ;
set EMISSION := CO2e_IPPU ;
set MODE_OF_OPERATION := 1 ;
set REGION := GUA ;

###############
#    Parameters     #
###############
#
param CapacityToActivityUnit default 1 :
RAW_MAT_CLK RAW_MAT_CEM IMP_STOR LIME_CAL_PROD LIME_DOL_PROD GLASS_PROD CARBONATE_CERAMICS CARBONATE_ASH IRON_STEEL PROD_FERRO LUBRI_OILS PARAFFIN REFR_AC_HFC32 REFR_AC_HFC125 REFR_AC_HFC134a REFR_AC_HFC143a PROD_CLK_TRAD PROD_CEM T5CEM_PRODIND T5LIME_CAL_PRODIPPU T5LIME_DOL_PRODIPPU T5GLASS_PRODIPPU T5CARBONATE_CERAMICSIPPU T5CARBONATE_ASHIPPU T5IRON_STEELIPPU T5PROD_FERROIPPU T5LUBRI_OILSIPPU T5PARAFFINIPPU T5REFR_AC_HFC32IPPU T5REFR_AC_HFC125IPPU T5REFR_AC_HFC134aIPPU T5REFR_AC_HFC143aIPPU :=
GUA 1 1 1 1 1 1 1 1 1 1 1 1 1 1 1 1 1 1 1 1 1 1 1 1 1 1 1 1 1 1 1 1 
;

param CapitalCost default 0 :=
[GUA,*,*]:
2018 2019 2020 2021 2022 2023 2024 2025 2026 2027 2028 2029 2030 2031 2032 2033 2034 2035 2036 2037 2038 2039 2040 2041 2042 2043 2044 2045 2046 2047 2048 2049 2050 :=
REFR_AC_HFC32 0.0 0.0 0.0 0.0 0.0 0.0 0.0 0.0 0.0 0.0 0.0 0.0 0.0 0.0 0.0 0.0 0.0 0.0 0.0 0.0 0.0 0.0 0.0 0.0 0.0 0.0 0.0 0.0 0.0 0.0 0.0 0.0 0.0 
REFR_AC_HFC125 0.0 0.0 0.0 0.0 0.0 0.0 0.0 0.0 0.0 0.0 0.0 0.0 0.0 0.0 0.0 0.0 0.0 0.0 0.0 0.0 0.0 0.0 0.0 0.0 0.0 0.0 0.0 0.0 0.0 0.0 0.0 0.0 0.0 
REFR_AC_HFC134a 0.0 0.0 0.0 0.0 0.0 0.0 0.0 0.0 0.0 0.0 0.0 0.0 0.0 0.0 0.0 0.0 0.0 0.0 0.0 0.0 0.0 0.0 0.0 0.0 0.0 0.0 0.0 0.0 0.0 0.0 0.0 0.0 0.0 
REFR_AC_HFC143a 0.0 0.0 0.0 0.0 0.0 0.0 0.0 0.0 0.0 0.0 0.0 0.0 0.0 0.0 0.0 0.0 0.0 0.0 0.0 0.0 0.0 0.0 0.0 0.0 0.0 0.0 0.0 0.0 0.0 0.0 0.0 0.0 0.0 
;

param EmissionActivityRatio default 0 :=
[GUA,REFR_AC_HFC134a,CO2e_IPPU,*,*]:
2018 2019 2020 2021 2022 2023 2024 2025 2026 2027 2028 2029 2030 2031 2032 2033 2034 2035 2036 2037 2038 2039 2040 2041 2042 2043 2044 2045 2046 2047 2048 2049 2050 :=
1 1.3 1.3 1.3 1.3 1.3 1.3 1.3 1.3 1.3 1.3 1.3 1.3 1.3 1.3 1.3 1.3 1.3 1.3 1.3 1.3 1.3 1.3 1.3 1.3 1.3 1.3 1.3 1.3 1.3 1.3 1.3 1.3 1.3 
[GUA,IRON_STEEL,CO2e_IPPU,*,*]:
2018 2019 2020 2021 2022 2023 2024 2025 2026 2027 2028 2029 2030 2031 2032 2033 2034 2035 2036 2037 2038 2039 2040 2041 2042 2043 2044 2045 2046 2047 2048 2049 2050 :=
1 0.18 0.18 0.18 0.18 0.18 0.18 0.18 0.18 0.18 0.18 0.18 0.18 0.18 0.18 0.18 0.18 0.18 0.18 0.18 0.18 0.18 0.18 0.18 0.18 0.18 0.18 0.18 0.18 0.18 0.18 0.18 0.18 0.18 
[GUA,GLASS_PROD,CO2e_IPPU,*,*]:
2018 2019 2020 2021 2022 2023 2024 2025 2026 2027 2028 2029 2030 2031 2032 2033 2034 2035 2036 2037 2038 2039 2040 2041 2042 2043 2044 2045 2046 2047 2048 2049 2050 :=
1 0.1155 0.1155 0.1155 0.1155 0.1155 0.1155 0.1155 0.1155 0.1155 0.1155 0.1155 0.1155 0.1155 0.1155 0.1155 0.1155 0.1155 0.1155 0.1155 0.1155 0.1155 0.1155 0.1155 0.1155 0.1155 0.1155 0.1155 0.1155 0.1155 0.1155 0.1155 0.1155 0.1155 
[GUA,LUBRI_OILS,CO2e_IPPU,*,*]:
2018 2019 2020 2021 2022 2023 2024 2025 2026 2027 2028 2029 2030 2031 2032 2033 2034 2035 2036 2037 2038 2039 2040 2041 2042 2043 2044 2045 2046 2047 2048 2049 2050 :=
1 0.5896 0.5896 0.5896 0.5896 0.5896 0.5896 0.5896 0.5896 0.5896 0.5896 0.5896 0.5896 0.5896 0.5896 0.5896 0.5896 0.5896 0.5896 0.5896 0.5896 0.5896 0.5896 0.5896 0.5896 0.5896 0.5896 0.5896 0.5896 0.5896 0.5896 0.5896 0.5896 0.5896 
[GUA,CARBONATE_ASH,CO2e_IPPU,*,*]:
2018 2019 2020 2021 2022 2023 2024 2025 2026 2027 2028 2029 2030 2031 2032 2033 2034 2035 2036 2037 2038 2039 2040 2041 2042 2043 2044 2045 2046 2047 2048 2049 2050 :=
1 0.41 0.41 0.41 0.41 0.41 0.41 0.41 0.41 0.41 0.41 0.41 0.41 0.41 0.41 0.41 0.41 0.41 0.41 0.41 0.41 0.41 0.41 0.41 0.41 0.41 0.41 0.41 0.41 0.41 0.41 0.41 0.41 0.41 
[GUA,PROD_FERRO,CO2e_IPPU,*,*]:
2018 2019 2020 2021 2022 2023 2024 2025 2026 2027 2028 2029 2030 2031 2032 2033 2034 2035 2036 2037 2038 2039 2040 2041 2042 2043 2044 2045 2046 2047 2048 2049 2050 :=
1 0.01 0.01 0.01 0.01 0.01 0.01 0.01 0.01 0.01 0.01 0.01 0.01 0.01 0.01 0.01 0.01 0.01 0.01 0.01 0.01 0.01 0.01 0.01 0.01 0.01 0.01 0.01 0.01 0.01 0.01 0.01 0.01 0.01 
[GUA,REFR_AC_HFC125,CO2e_IPPU,*,*]:
2018 2019 2020 2021 2022 2023 2024 2025 2026 2027 2028 2029 2030 2031 2032 2033 2034 2035 2036 2037 2038 2039 2040 2041 2042 2043 2044 2045 2046 2047 2048 2049 2050 :=
1 3.17 3.17 3.17 3.17 3.17 3.17 3.17 3.17 3.17 3.17 3.17 3.17 3.17 3.17 3.17 3.17 3.17 3.17 3.17 3.17 3.17 3.17 3.17 3.17 3.17 3.17 3.17 3.17 3.17 3.17 3.17 3.17 3.17 
[GUA,PROD_CLK_TRAD,CO2e_IPPU,*,*]:
2018 2019 2020 2021 2022 2023 2024 2025 2026 2027 2028 2029 2030 2031 2032 2033 2034 2035 2036 2037 2038 2039 2040 2041 2042 2043 2044 2045 2046 2047 2048 2049 2050 :=
1 0.5202 0.5202 0.5202 0.5202 0.5202 0.5202 0.5202 0.5202 0.5202 0.5202 0.5202 0.5202 0.5202 0.5202 0.5202 0.5202 0.5202 0.5202 0.5202 0.5202 0.5202 0.5202 0.5202 0.5202 0.5202 0.5202 0.5202 0.5202 0.5202 0.5202 0.5202 0.5202 0.5202 
[GUA,PARAFFIN,CO2e_IPPU,*,*]:
2018 2019 2020 2021 2022 2023 2024 2025 2026 2027 2028 2029 2030 2031 2032 2033 2034 2035 2036 2037 2038 2039 2040 2041 2042 2043 2044 2045 2046 2047 2048 2049 2050 :=
1 0.5896 0.5896 0.5896 0.5896 0.5896 0.5896 0.5896 0.5896 0.5896 0.5896 0.5896 0.5896 0.5896 0.5896 0.5896 0.5896 0.5896 0.5896 0.5896 0.5896 0.5896 0.5896 0.5896 0.5896 0.5896 0.5896 0.5896 0.5896 0.5896 0.5896 0.5896 0.5896 0.5896 
[GUA,LIME_DOL_PROD,CO2e_IPPU,*,*]:
2018 2019 2020 2021 2022 2023 2024 2025 2026 2027 2028 2029 2030 2031 2032 2033 2034 2035 2036 2037 2038 2039 2040 2041 2042 2043 2044 2045 2046 2047 2048 2049 2050 :=
1 0.77 0.77 0.77 0.77 0.77 0.77 0.77 0.77 0.77 0.77 0.77 0.77 0.77 0.77 0.77 0.77 0.77 0.77 0.77 0.77 0.77 0.77 0.77 0.77 0.77 0.77 0.77 0.77 0.77 0.77 0.77 0.77 0.77 
[GUA,REFR_AC_HFC143a,CO2e_IPPU,*,*]:
2018 2019 2020 2021 2022 2023 2024 2025 2026 2027 2028 2029 2030 2031 2032 2033 2034 2035 2036 2037 2038 2039 2040 2041 2042 2043 2044 2045 2046 2047 2048 2049 2050 :=
1 4.8 4.8 4.8 4.8 4.8 4.8 4.8 4.8 4.8 4.8 4.8 4.8 4.8 4.8 4.8 4.8 4.8 4.8 4.8 4.8 4.8 4.8 4.8 4.8 4.8 4.8 4.8 4.8 4.8 4.8 4.8 4.8 4.8 
[GUA,LIME_CAL_PROD,CO2e_IPPU,*,*]:
2018 2019 2020 2021 2022 2023 2024 2025 2026 2027 2028 2029 2030 2031 2032 2033 2034 2035 2036 2037 2038 2039 2040 2041 2042 2043 2044 2045 2046 2047 2048 2049 2050 :=
1 0.75 0.75 0.75 0.75 0.75 0.75 0.75 0.75 0.75 0.75 0.75 0.75 0.75 0.75 0.75 0.75 0.75 0.75 0.75 0.75 0.75 0.75 0.75 0.75 0.75 0.75 0.75 0.75 0.75 0.75 0.75 0.75 0.75 
[GUA,CARBONATE_CERAMICS,CO2e_IPPU,*,*]:
2018 2019 2020 2021 2022 2023 2024 2025 2026 2027 2028 2029 2030 2031 2032 2033 2034 2035 2036 2037 2038 2039 2040 2041 2042 2043 2044 2045 2046 2047 2048 2049 2050 :=
1 0.44 0.44 0.44 0.44 0.44 0.44 0.44 0.44 0.44 0.44 0.44 0.44 0.44 0.44 0.44 0.44 0.44 0.44 0.44 0.44 0.44 0.44 0.44 0.44 0.44 0.44 0.44 0.44 0.44 0.44 0.44 0.44 0.44 
[GUA,REFR_AC_HFC32,CO2e_IPPU,*,*]:
2018 2019 2020 2021 2022 2023 2024 2025 2026 2027 2028 2029 2030 2031 2032 2033 2034 2035 2036 2037 2038 2039 2040 2041 2042 2043 2044 2045 2046 2047 2048 2049 2050 :=
1 0.677 0.677 0.677 0.677 0.677 0.677 0.677 0.677 0.677 0.677 0.677 0.677 0.677 0.677 0.677 0.677 0.677 0.677 0.677 0.677 0.677 0.677 0.677 0.677 0.677 0.677 0.677 0.677 0.677 0.677 0.677 0.677 0.677 
;

param InputActivityRatio default 0 :=
[GUA,T5REFR_AC_HFC143aIPPU,REFR_AC_HFC143a,*,*]:
2018 2019 2020 2021 2022 2023 2024 2025 2026 2027 2028 2029 2030 2031 2032 2033 2034 2035 2036 2037 2038 2039 2040 2041 2042 2043 2044 2045 2046 2047 2048 2049 2050 :=
1 1.0 1.0 1.0 1.0 1.0 1.0 1.0 1.0 1.0 1.0 1.0 1.0 1.0 1.0 1.0 1.0 1.0 1.0 1.0 1.0 1.0 1.0 1.0 1.0 1.0 1.0 1.0 1.0 1.0 1.0 1.0 1.0 1.0 
[GUA,T5CEM_PRODIND,CEM_PROD,*,*]:
2018 2019 2020 2021 2022 2023 2024 2025 2026 2027 2028 2029 2030 2031 2032 2033 2034 2035 2036 2037 2038 2039 2040 2041 2042 2043 2044 2045 2046 2047 2048 2049 2050 :=
1 1.0 1.0 1.0 1.0 1.0 1.0 1.0 1.0 1.0 1.0 1.0 1.0 1.0 1.0 1.0 1.0 1.0 1.0 1.0 1.0 1.0 1.0 1.0 1.0 1.0 1.0 1.0 1.0 1.0 1.0 1.0 1.0 1.0 
[GUA,T5CARBONATE_ASHIPPU,CARBONATE_ASH,*,*]:
2018 2019 2020 2021 2022 2023 2024 2025 2026 2027 2028 2029 2030 2031 2032 2033 2034 2035 2036 2037 2038 2039 2040 2041 2042 2043 2044 2045 2046 2047 2048 2049 2050 :=
1 1.0 1.0 1.0 1.0 1.0 1.0 1.0 1.0 1.0 1.0 1.0 1.0 1.0 1.0 1.0 1.0 1.0 1.0 1.0 1.0 1.0 1.0 1.0 1.0 1.0 1.0 1.0 1.0 1.0 1.0 1.0 1.0 1.0 
[GUA,T5GLASS_PRODIPPU,GLASS_PROD,*,*]:
2018 2019 2020 2021 2022 2023 2024 2025 2026 2027 2028 2029 2030 2031 2032 2033 2034 2035 2036 2037 2038 2039 2040 2041 2042 2043 2044 2045 2046 2047 2048 2049 2050 :=
1 1.0 1.0 1.0 1.0 1.0 1.0 1.0 1.0 1.0 1.0 1.0 1.0 1.0 1.0 1.0 1.0 1.0 1.0 1.0 1.0 1.0 1.0 1.0 1.0 1.0 1.0 1.0 1.0 1.0 1.0 1.0 1.0 1.0 
[GUA,T5IRON_STEELIPPU,IRON_STEEL,*,*]:
2018 2019 2020 2021 2022 2023 2024 2025 2026 2027 2028 2029 2030 2031 2032 2033 2034 2035 2036 2037 2038 2039 2040 2041 2042 2043 2044 2045 2046 2047 2048 2049 2050 :=
1 1.0 1.0 1.0 1.0 1.0 1.0 1.0 1.0 1.0 1.0 1.0 1.0 1.0 1.0 1.0 1.0 1.0 1.0 1.0 1.0 1.0 1.0 1.0 1.0 1.0 1.0 1.0 1.0 1.0 1.0 1.0 1.0 1.0 
[GUA,T5REFR_AC_HFC134aIPPU,REFR_AC_HFC134a,*,*]:
2018 2019 2020 2021 2022 2023 2024 2025 2026 2027 2028 2029 2030 2031 2032 2033 2034 2035 2036 2037 2038 2039 2040 2041 2042 2043 2044 2045 2046 2047 2048 2049 2050 :=
1 1.0 1.0 1.0 1.0 1.0 1.0 1.0 1.0 1.0 1.0 1.0 1.0 1.0 1.0 1.0 1.0 1.0 1.0 1.0 1.0 1.0 1.0 1.0 1.0 1.0 1.0 1.0 1.0 1.0 1.0 1.0 1.0 1.0 
[GUA,T5CARBONATE_CERAMICSIPPU,CARBONATE_CERAMICS,*,*]:
2018 2019 2020 2021 2022 2023 2024 2025 2026 2027 2028 2029 2030 2031 2032 2033 2034 2035 2036 2037 2038 2039 2040 2041 2042 2043 2044 2045 2046 2047 2048 2049 2050 :=
1 1.0 1.0 1.0 1.0 1.0 1.0 1.0 1.0 1.0 1.0 1.0 1.0 1.0 1.0 1.0 1.0 1.0 1.0 1.0 1.0 1.0 1.0 1.0 1.0 1.0 1.0 1.0 1.0 1.0 1.0 1.0 1.0 1.0 
[GUA,T5PARAFFINIPPU,PARAFFIN,*,*]:
2018 2019 2020 2021 2022 2023 2024 2025 2026 2027 2028 2029 2030 2031 2032 2033 2034 2035 2036 2037 2038 2039 2040 2041 2042 2043 2044 2045 2046 2047 2048 2049 2050 :=
1 1.0 1.0 1.0 1.0 1.0 1.0 1.0 1.0 1.0 1.0 1.0 1.0 1.0 1.0 1.0 1.0 1.0 1.0 1.0 1.0 1.0 1.0 1.0 1.0 1.0 1.0 1.0 1.0 1.0 1.0 1.0 1.0 1.0 
[GUA,T5REFR_AC_HFC32IPPU,REFR_AC_HFC32,*,*]:
2018 2019 2020 2021 2022 2023 2024 2025 2026 2027 2028 2029 2030 2031 2032 2033 2034 2035 2036 2037 2038 2039 2040 2041 2042 2043 2044 2045 2046 2047 2048 2049 2050 :=
1 1.0 1.0 1.0 1.0 1.0 1.0 1.0 1.0 1.0 1.0 1.0 1.0 1.0 1.0 1.0 1.0 1.0 1.0 1.0 1.0 1.0 1.0 1.0 1.0 1.0 1.0 1.0 1.0 1.0 1.0 1.0 1.0 1.0 
[GUA,PROD_CLK_TRAD,RAW_MAT_CLK,*,*]:
2018 2019 2020 2021 2022 2023 2024 2025 2026 2027 2028 2029 2030 2031 2032 2033 2034 2035 2036 2037 2038 2039 2040 2041 2042 2043 2044 2045 2046 2047 2048 2049 2050 :=
1 1.0 1.0 1.0 1.0 1.0 1.0 1.0 1.0 1.0 1.0 1.0 1.0 1.0 1.0 1.0 1.0 1.0 1.0 1.0 1.0 1.0 1.0 1.0 1.0 1.0 1.0 1.0 1.0 1.0 1.0 1.0 1.0 1.0 
[GUA,PROD_CEM,RAW_MAT_CEM,*,*]:
2018 2019 2020 2021 2022 2023 2024 2025 2026 2027 2028 2029 2030 2031 2032 2033 2034 2035 2036 2037 2038 2039 2040 2041 2042 2043 2044 2045 2046 2047 2048 2049 2050 :=
1 0.309 0.3143 0.3215 0.329 0.323 0.315 0.3137 0.3124 0.3111 0.3098 0.3085 0.3072 0.3059 0.3046 0.3033 0.302 0.3007 0.2994 0.2981 0.2969 0.2956 0.2943 0.293 0.2917 0.2904 0.2891 0.2878 0.2865 0.2852 0.2839 0.2826 0.2813 0.28 
[GUA,T5LUBRI_OILSIPPU,LUBRI_OILS,*,*]:
2018 2019 2020 2021 2022 2023 2024 2025 2026 2027 2028 2029 2030 2031 2032 2033 2034 2035 2036 2037 2038 2039 2040 2041 2042 2043 2044 2045 2046 2047 2048 2049 2050 :=
1 1.0 1.0 1.0 1.0 1.0 1.0 1.0 1.0 1.0 1.0 1.0 1.0 1.0 1.0 1.0 1.0 1.0 1.0 1.0 1.0 1.0 1.0 1.0 1.0 1.0 1.0 1.0 1.0 1.0 1.0 1.0 1.0 1.0 
[GUA,T5REFR_AC_HFC125IPPU,REFR_AC_HFC125,*,*]:
2018 2019 2020 2021 2022 2023 2024 2025 2026 2027 2028 2029 2030 2031 2032 2033 2034 2035 2036 2037 2038 2039 2040 2041 2042 2043 2044 2045 2046 2047 2048 2049 2050 :=
1 1.0 1.0 1.0 1.0 1.0 1.0 1.0 1.0 1.0 1.0 1.0 1.0 1.0 1.0 1.0 1.0 1.0 1.0 1.0 1.0 1.0 1.0 1.0 1.0 1.0 1.0 1.0 1.0 1.0 1.0 1.0 1.0 1.0 
[GUA,T5LIME_DOL_PRODIPPU,LIME_DOL_PROD,*,*]:
2018 2019 2020 2021 2022 2023 2024 2025 2026 2027 2028 2029 2030 2031 2032 2033 2034 2035 2036 2037 2038 2039 2040 2041 2042 2043 2044 2045 2046 2047 2048 2049 2050 :=
1 1.0 1.0 1.0 1.0 1.0 1.0 1.0 1.0 1.0 1.0 1.0 1.0 1.0 1.0 1.0 1.0 1.0 1.0 1.0 1.0 1.0 1.0 1.0 1.0 1.0 1.0 1.0 1.0 1.0 1.0 1.0 1.0 1.0 
[GUA,T5LIME_CAL_PRODIPPU,LIME_CAL_PROD,*,*]:
2018 2019 2020 2021 2022 2023 2024 2025 2026 2027 2028 2029 2030 2031 2032 2033 2034 2035 2036 2037 2038 2039 2040 2041 2042 2043 2044 2045 2046 2047 2048 2049 2050 :=
1 1.0 1.0 1.0 1.0 1.0 1.0 1.0 1.0 1.0 1.0 1.0 1.0 1.0 1.0 1.0 1.0 1.0 1.0 1.0 1.0 1.0 1.0 1.0 1.0 1.0 1.0 1.0 1.0 1.0 1.0 1.0 1.0 1.0 
[GUA,T5PROD_FERROIPPU,PROD_FERRO,*,*]:
2018 2019 2020 2021 2022 2023 2024 2025 2026 2027 2028 2029 2030 2031 2032 2033 2034 2035 2036 2037 2038 2039 2040 2041 2042 2043 2044 2045 2046 2047 2048 2049 2050 :=
1 1.0 1.0 1.0 1.0 1.0 1.0 1.0 1.0 1.0 1.0 1.0 1.0 1.0 1.0 1.0 1.0 1.0 1.0 1.0 1.0 1.0 1.0 1.0 1.0 1.0 1.0 1.0 1.0 1.0 1.0 1.0 1.0 1.0 
[GUA,PROD_CEM,CLK_PROD,*,*]:
2018 2019 2020 2021 2022 2023 2024 2025 2026 2027 2028 2029 2030 2031 2032 2033 2034 2035 2036 2037 2038 2039 2040 2041 2042 2043 2044 2045 2046 2047 2048 2049 2050 :=
1 0.691 0.6857 0.6785 0.671 0.677 0.685 0.6863 0.6876 0.6889 0.6902 0.6915 0.6928 0.6941 0.6954 0.6967 0.698 0.6993 0.7006 0.7019 0.7031 0.7044 0.7057 0.707 0.7083 0.7096 0.7109 0.7122 0.7135 0.7148 0.7161 0.7174 0.7187 0.72 
;

param OperationalLife default 1 :
RAW_MAT_CLK RAW_MAT_CEM IMP_STOR LIME_CAL_PROD LIME_DOL_PROD GLASS_PROD CARBONATE_CERAMICS CARBONATE_ASH IRON_STEEL PROD_FERRO LUBRI_OILS PARAFFIN REFR_AC_HFC32 REFR_AC_HFC125 REFR_AC_HFC134a REFR_AC_HFC143a PROD_CLK_TRAD PROD_CEM T5CEM_PRODIND T5LIME_CAL_PRODIPPU T5LIME_DOL_PRODIPPU T5GLASS_PRODIPPU T5CARBONATE_CERAMICSIPPU T5CARBONATE_ASHIPPU T5IRON_STEELIPPU T5PROD_FERROIPPU T5LUBRI_OILSIPPU T5PARAFFINIPPU T5REFR_AC_HFC32IPPU T5REFR_AC_HFC125IPPU T5REFR_AC_HFC134aIPPU T5REFR_AC_HFC143aIPPU :=
GUA 1 1 1 1 1 1 1 1 1 1 1 1 1 1 1 1 1 1 1 1 1 1 1 1 1 1 1 1 1 1 1 1 
;

param OutputActivityRatio default 0 :=
[GUA,IRON_STEEL,IRON_STEEL,*,*]:
2018 2019 2020 2021 2022 2023 2024 2025 2026 2027 2028 2029 2030 2031 2032 2033 2034 2035 2036 2037 2038 2039 2040 2041 2042 2043 2044 2045 2046 2047 2048 2049 2050 :=
1 1 1.0 1.0 1.0 1.0 1.0 1.0 1.0 1.0 1.0 1.0 1.0 1.0 1.0 1.0 1.0 1.0 1.0 1.0 1.0 1.0 1.0 1.0 1.0 1.0 1.0 1.0 1.0 1.0 1.0 1.0 1.0 1.0 
[GUA,T5REFR_AC_HFC134aIPPU,E5IPPUREFR_AC_HFC134a,*,*]:
2018 2019 2020 2021 2022 2023 2024 2025 2026 2027 2028 2029 2030 2031 2032 2033 2034 2035 2036 2037 2038 2039 2040 2041 2042 2043 2044 2045 2046 2047 2048 2049 2050 :=
1 1.0 1.0 1.0 1.0 1.0 1.0 1.0 1.0 1.0 1.0 1.0 1.0 1.0 1.0 1.0 1.0 1.0 1.0 1.0 1.0 1.0 1.0 1.0 1.0 1.0 1.0 1.0 1.0 1.0 1.0 1.0 1.0 1.0 
[GUA,RAW_MAT_CLK,RAW_MAT_CLK,*,*]:
2018 2019 2020 2021 2022 2023 2024 2025 2026 2027 2028 2029 2030 2031 2032 2033 2034 2035 2036 2037 2038 2039 2040 2041 2042 2043 2044 2045 2046 2047 2048 2049 2050 :=
1 1 1.0 1.0 1.0 1.0 1.0 1.0 1.0 1.0 1.0 1.0 1.0 1.0 1.0 1.0 1.0 1.0 1.0 1.0 1.0 1.0 1.0 1.0 1.0 1.0 1.0 1.0 1.0 1.0 1.0 1.0 1.0 1.0 
[GUA,T5LUBRI_OILSIPPU,E5IPPULUBRI_OILS,*,*]:
2018 2019 2020 2021 2022 2023 2024 2025 2026 2027 2028 2029 2030 2031 2032 2033 2034 2035 2036 2037 2038 2039 2040 2041 2042 2043 2044 2045 2046 2047 2048 2049 2050 :=
1 1.0 1.0 1.0 1.0 1.0 1.0 1.0 1.0 1.0 1.0 1.0 1.0 1.0 1.0 1.0 1.0 1.0 1.0 1.0 1.0 1.0 1.0 1.0 1.0 1.0 1.0 1.0 1.0 1.0 1.0 1.0 1.0 1.0 
[GUA,IMP_STOR,CLK_PROD,*,*]:
2018 2019 2020 2021 2022 2023 2024 2025 2026 2027 2028 2029 2030 2031 2032 2033 2034 2035 2036 2037 2038 2039 2040 2041 2042 2043 2044 2045 2046 2047 2048 2049 2050 :=
1 1 1.0 1.0 1.0 1.0 1.0 1.0 1.0 1.0 1.0 1.0 1.0 1.0 1.0 1.0 1.0 1.0 1.0 1.0 1.0 1.0 1.0 1.0 1.0 1.0 1.0 1.0 1.0 1.0 1.0 1.0 1.0 1.0 
[GUA,T5LIME_DOL_PRODIPPU,E5IPPULIME_DOL_PROD,*,*]:
2018 2019 2020 2021 2022 2023 2024 2025 2026 2027 2028 2029 2030 2031 2032 2033 2034 2035 2036 2037 2038 2039 2040 2041 2042 2043 2044 2045 2046 2047 2048 2049 2050 :=
1 1.0 1.0 1.0 1.0 1.0 1.0 1.0 1.0 1.0 1.0 1.0 1.0 1.0 1.0 1.0 1.0 1.0 1.0 1.0 1.0 1.0 1.0 1.0 1.0 1.0 1.0 1.0 1.0 1.0 1.0 1.0 1.0 1.0 
[GUA,T5REFR_AC_HFC32IPPU,E5IPPUREFR_AC_HFC32,*,*]:
2018 2019 2020 2021 2022 2023 2024 2025 2026 2027 2028 2029 2030 2031 2032 2033 2034 2035 2036 2037 2038 2039 2040 2041 2042 2043 2044 2045 2046 2047 2048 2049 2050 :=
1 1.0 1.0 1.0 1.0 1.0 1.0 1.0 1.0 1.0 1.0 1.0 1.0 1.0 1.0 1.0 1.0 1.0 1.0 1.0 1.0 1.0 1.0 1.0 1.0 1.0 1.0 1.0 1.0 1.0 1.0 1.0 1.0 1.0 
[GUA,T5LIME_CAL_PRODIPPU,E5IPPULIME_CAL_PROD,*,*]:
2018 2019 2020 2021 2022 2023 2024 2025 2026 2027 2028 2029 2030 2031 2032 2033 2034 2035 2036 2037 2038 2039 2040 2041 2042 2043 2044 2045 2046 2047 2048 2049 2050 :=
1 1.0 1.0 1.0 1.0 1.0 1.0 1.0 1.0 1.0 1.0 1.0 1.0 1.0 1.0 1.0 1.0 1.0 1.0 1.0 1.0 1.0 1.0 1.0 1.0 1.0 1.0 1.0 1.0 1.0 1.0 1.0 1.0 1.0 
[GUA,T5PROD_FERROIPPU,E5IPPUPROD_FERRO,*,*]:
2018 2019 2020 2021 2022 2023 2024 2025 2026 2027 2028 2029 2030 2031 2032 2033 2034 2035 2036 2037 2038 2039 2040 2041 2042 2043 2044 2045 2046 2047 2048 2049 2050 :=
1 1.0 1.0 1.0 1.0 1.0 1.0 1.0 1.0 1.0 1.0 1.0 1.0 1.0 1.0 1.0 1.0 1.0 1.0 1.0 1.0 1.0 1.0 1.0 1.0 1.0 1.0 1.0 1.0 1.0 1.0 1.0 1.0 1.0 
[GUA,REFR_AC_HFC125,REFR_AC_HFC125,*,*]:
2018 2019 2020 2021 2022 2023 2024 2025 2026 2027 2028 2029 2030 2031 2032 2033 2034 2035 2036 2037 2038 2039 2040 2041 2042 2043 2044 2045 2046 2047 2048 2049 2050 :=
1 1 1.0 1.0 1.0 1.0 1.0 1.0 1.0 1.0 1.0 1.0 1.0 1.0 1.0 1.0 1.0 1.0 1.0 1.0 1.0 1.0 1.0 1.0 1.0 1.0 1.0 1.0 1.0 1.0 1.0 1.0 1.0 1.0 
[GUA,LIME_DOL_PROD,LIME_DOL_PROD,*,*]:
2018 2019 2020 2021 2022 2023 2024 2025 2026 2027 2028 2029 2030 2031 2032 2033 2034 2035 2036 2037 2038 2039 2040 2041 2042 2043 2044 2045 2046 2047 2048 2049 2050 :=
1 1 1.0 1.0 1.0 1.0 1.0 1.0 1.0 1.0 1.0 1.0 1.0 1.0 1.0 1.0 1.0 1.0 1.0 1.0 1.0 1.0 1.0 1.0 1.0 1.0 1.0 1.0 1.0 1.0 1.0 1.0 1.0 1.0 
[GUA,LIME_CAL_PROD,LIME_CAL_PROD,*,*]:
2018 2019 2020 2021 2022 2023 2024 2025 2026 2027 2028 2029 2030 2031 2032 2033 2034 2035 2036 2037 2038 2039 2040 2041 2042 2043 2044 2045 2046 2047 2048 2049 2050 :=
1 1 1.0 1.0 1.0 1.0 1.0 1.0 1.0 1.0 1.0 1.0 1.0 1.0 1.0 1.0 1.0 1.0 1.0 1.0 1.0 1.0 1.0 1.0 1.0 1.0 1.0 1.0 1.0 1.0 1.0 1.0 1.0 1.0 
[GUA,T5CARBONATE_ASHIPPU,E5IPPUCARBONATE_ASH,*,*]:
2018 2019 2020 2021 2022 2023 2024 2025 2026 2027 2028 2029 2030 2031 2032 2033 2034 2035 2036 2037 2038 2039 2040 2041 2042 2043 2044 2045 2046 2047 2048 2049 2050 :=
1 1.0 1.0 1.0 1.0 1.0 1.0 1.0 1.0 1.0 1.0 1.0 1.0 1.0 1.0 1.0 1.0 1.0 1.0 1.0 1.0 1.0 1.0 1.0 1.0 1.0 1.0 1.0 1.0 1.0 1.0 1.0 1.0 1.0 
[GUA,LUBRI_OILS,LUBRI_OILS,*,*]:
2018 2019 2020 2021 2022 2023 2024 2025 2026 2027 2028 2029 2030 2031 2032 2033 2034 2035 2036 2037 2038 2039 2040 2041 2042 2043 2044 2045 2046 2047 2048 2049 2050 :=
1 1 1.0 1.0 1.0 1.0 1.0 1.0 1.0 1.0 1.0 1.0 1.0 1.0 1.0 1.0 1.0 1.0 1.0 1.0 1.0 1.0 1.0 1.0 1.0 1.0 1.0 1.0 1.0 1.0 1.0 1.0 1.0 1.0 
[GUA,PROD_CLK_TRAD,CLK_PROD,*,*]:
2018 2019 2020 2021 2022 2023 2024 2025 2026 2027 2028 2029 2030 2031 2032 2033 2034 2035 2036 2037 2038 2039 2040 2041 2042 2043 2044 2045 2046 2047 2048 2049 2050 :=
1 1.0 1.0 1.0 1.0 1.0 1.0 1.0 1.0 1.0 1.0 1.0 1.0 1.0 1.0 1.0 1.0 1.0 1.0 1.0 1.0 1.0 1.0 1.0 1.0 1.0 1.0 1.0 1.0 1.0 1.0 1.0 1.0 1.0 
[GUA,RAW_MAT_CEM,RAW_MAT_CEM,*,*]:
2018 2019 2020 2021 2022 2023 2024 2025 2026 2027 2028 2029 2030 2031 2032 2033 2034 2035 2036 2037 2038 2039 2040 2041 2042 2043 2044 2045 2046 2047 2048 2049 2050 :=
1 1 1.0 1.0 1.0 1.0 1.0 1.0 1.0 1.0 1.0 1.0 1.0 1.0 1.0 1.0 1.0 1.0 1.0 1.0 1.0 1.0 1.0 1.0 1.0 1.0 1.0 1.0 1.0 1.0 1.0 1.0 1.0 1.0 
[GUA,REFR_AC_HFC143a,REFR_AC_HFC143a,*,*]:
2018 2019 2020 2021 2022 2023 2024 2025 2026 2027 2028 2029 2030 2031 2032 2033 2034 2035 2036 2037 2038 2039 2040 2041 2042 2043 2044 2045 2046 2047 2048 2049 2050 :=
1 1 1.0 1.0 1.0 1.0 1.0 1.0 1.0 1.0 1.0 1.0 1.0 1.0 1.0 1.0 1.0 1.0 1.0 1.0 1.0 1.0 1.0 1.0 1.0 1.0 1.0 1.0 1.0 1.0 1.0 1.0 1.0 1.0 
[GUA,PROD_CEM,CEM_PROD,*,*]:
2018 2019 2020 2021 2022 2023 2024 2025 2026 2027 2028 2029 2030 2031 2032 2033 2034 2035 2036 2037 2038 2039 2040 2041 2042 2043 2044 2045 2046 2047 2048 2049 2050 :=
1 1.0 1.0 1.0 1.0 1.0 1.0 1.0 1.0 1.0 1.0 1.0 1.0 1.0 1.0 1.0 1.0 1.0 1.0 1.0 1.0 1.0 1.0 1.0 1.0 1.0 1.0 1.0 1.0 1.0 1.0 1.0 1.0 1.0 
[GUA,GLASS_PROD,GLASS_PROD,*,*]:
2018 2019 2020 2021 2022 2023 2024 2025 2026 2027 2028 2029 2030 2031 2032 2033 2034 2035 2036 2037 2038 2039 2040 2041 2042 2043 2044 2045 2046 2047 2048 2049 2050 :=
1 1 1.0 1.0 1.0 1.0 1.0 1.0 1.0 1.0 1.0 1.0 1.0 1.0 1.0 1.0 1.0 1.0 1.0 1.0 1.0 1.0 1.0 1.0 1.0 1.0 1.0 1.0 1.0 1.0 1.0 1.0 1.0 1.0 
[GUA,PARAFFIN,PARAFFIN,*,*]:
2018 2019 2020 2021 2022 2023 2024 2025 2026 2027 2028 2029 2030 2031 2032 2033 2034 2035 2036 2037 2038 2039 2040 2041 2042 2043 2044 2045 2046 2047 2048 2049 2050 :=
1 1 1.0 1.0 1.0 1.0 1.0 1.0 1.0 1.0 1.0 1.0 1.0 1.0 1.0 1.0 1.0 1.0 1.0 1.0 1.0 1.0 1.0 1.0 1.0 1.0 1.0 1.0 1.0 1.0 1.0 1.0 1.0 1.0 
[GUA,REFR_AC_HFC134a,REFR_AC_HFC134a,*,*]:
2018 2019 2020 2021 2022 2023 2024 2025 2026 2027 2028 2029 2030 2031 2032 2033 2034 2035 2036 2037 2038 2039 2040 2041 2042 2043 2044 2045 2046 2047 2048 2049 2050 :=
1 1 1.0 1.0 1.0 1.0 1.0 1.0 1.0 1.0 1.0 1.0 1.0 1.0 1.0 1.0 1.0 1.0 1.0 1.0 1.0 1.0 1.0 1.0 1.0 1.0 1.0 1.0 1.0 1.0 1.0 1.0 1.0 1.0 
[GUA,T5GLASS_PRODIPPU,E5IPPUGLASS_PROD,*,*]:
2018 2019 2020 2021 2022 2023 2024 2025 2026 2027 2028 2029 2030 2031 2032 2033 2034 2035 2036 2037 2038 2039 2040 2041 2042 2043 2044 2045 2046 2047 2048 2049 2050 :=
1 1.0 1.0 1.0 1.0 1.0 1.0 1.0 1.0 1.0 1.0 1.0 1.0 1.0 1.0 1.0 1.0 1.0 1.0 1.0 1.0 1.0 1.0 1.0 1.0 1.0 1.0 1.0 1.0 1.0 1.0 1.0 1.0 1.0 
[GUA,T5IRON_STEELIPPU,E5IPPUIRON_STEEL,*,*]:
2018 2019 2020 2021 2022 2023 2024 2025 2026 2027 2028 2029 2030 2031 2032 2033 2034 2035 2036 2037 2038 2039 2040 2041 2042 2043 2044 2045 2046 2047 2048 2049 2050 :=
1 1.0 1.0 1.0 1.0 1.0 1.0 1.0 1.0 1.0 1.0 1.0 1.0 1.0 1.0 1.0 1.0 1.0 1.0 1.0 1.0 1.0 1.0 1.0 1.0 1.0 1.0 1.0 1.0 1.0 1.0 1.0 1.0 1.0 
[GUA,T5PARAFFINIPPU,E5IPPUPARAFFIN,*,*]:
2018 2019 2020 2021 2022 2023 2024 2025 2026 2027 2028 2029 2030 2031 2032 2033 2034 2035 2036 2037 2038 2039 2040 2041 2042 2043 2044 2045 2046 2047 2048 2049 2050 :=
1 1.0 1.0 1.0 1.0 1.0 1.0 1.0 1.0 1.0 1.0 1.0 1.0 1.0 1.0 1.0 1.0 1.0 1.0 1.0 1.0 1.0 1.0 1.0 1.0 1.0 1.0 1.0 1.0 1.0 1.0 1.0 1.0 1.0 
[GUA,PROD_FERRO,PROD_FERRO,*,*]:
2018 2019 2020 2021 2022 2023 2024 2025 2026 2027 2028 2029 2030 2031 2032 2033 2034 2035 2036 2037 2038 2039 2040 2041 2042 2043 2044 2045 2046 2047 2048 2049 2050 :=
1 1 1.0 1.0 1.0 1.0 1.0 1.0 1.0 1.0 1.0 1.0 1.0 1.0 1.0 1.0 1.0 1.0 1.0 1.0 1.0 1.0 1.0 1.0 1.0 1.0 1.0 1.0 1.0 1.0 1.0 1.0 1.0 1.0 
[GUA,T5REFR_AC_HFC125IPPU,E5IPPUREFR_AC_HFC125,*,*]:
2018 2019 2020 2021 2022 2023 2024 2025 2026 2027 2028 2029 2030 2031 2032 2033 2034 2035 2036 2037 2038 2039 2040 2041 2042 2043 2044 2045 2046 2047 2048 2049 2050 :=
1 1.0 1.0 1.0 1.0 1.0 1.0 1.0 1.0 1.0 1.0 1.0 1.0 1.0 1.0 1.0 1.0 1.0 1.0 1.0 1.0 1.0 1.0 1.0 1.0 1.0 1.0 1.0 1.0 1.0 1.0 1.0 1.0 1.0 
[GUA,T5CARBONATE_CERAMICSIPPU,E5IPPUCARBONATE_CERAMICS,*,*]:
2018 2019 2020 2021 2022 2023 2024 2025 2026 2027 2028 2029 2030 2031 2032 2033 2034 2035 2036 2037 2038 2039 2040 2041 2042 2043 2044 2045 2046 2047 2048 2049 2050 :=
1 1.0 1.0 1.0 1.0 1.0 1.0 1.0 1.0 1.0 1.0 1.0 1.0 1.0 1.0 1.0 1.0 1.0 1.0 1.0 1.0 1.0 1.0 1.0 1.0 1.0 1.0 1.0 1.0 1.0 1.0 1.0 1.0 1.0 
[GUA,CARBONATE_CERAMICS,CARBONATE_CERAMICS,*,*]:
2018 2019 2020 2021 2022 2023 2024 2025 2026 2027 2028 2029 2030 2031 2032 2033 2034 2035 2036 2037 2038 2039 2040 2041 2042 2043 2044 2045 2046 2047 2048 2049 2050 :=
1 1 1.0 1.0 1.0 1.0 1.0 1.0 1.0 1.0 1.0 1.0 1.0 1.0 1.0 1.0 1.0 1.0 1.0 1.0 1.0 1.0 1.0 1.0 1.0 1.0 1.0 1.0 1.0 1.0 1.0 1.0 1.0 1.0 
[GUA,T5CEM_PRODIND,E5INDCEM_PROD,*,*]:
2018 2019 2020 2021 2022 2023 2024 2025 2026 2027 2028 2029 2030 2031 2032 2033 2034 2035 2036 2037 2038 2039 2040 2041 2042 2043 2044 2045 2046 2047 2048 2049 2050 :=
1 1.0 1.0 1.0 1.0 1.0 1.0 1.0 1.0 1.0 1.0 1.0 1.0 1.0 1.0 1.0 1.0 1.0 1.0 1.0 1.0 1.0 1.0 1.0 1.0 1.0 1.0 1.0 1.0 1.0 1.0 1.0 1.0 1.0 
[GUA,T5REFR_AC_HFC143aIPPU,E5IPPUREFR_AC_HFC143a,*,*]:
2018 2019 2020 2021 2022 2023 2024 2025 2026 2027 2028 2029 2030 2031 2032 2033 2034 2035 2036 2037 2038 2039 2040 2041 2042 2043 2044 2045 2046 2047 2048 2049 2050 :=
1 1.0 1.0 1.0 1.0 1.0 1.0 1.0 1.0 1.0 1.0 1.0 1.0 1.0 1.0 1.0 1.0 1.0 1.0 1.0 1.0 1.0 1.0 1.0 1.0 1.0 1.0 1.0 1.0 1.0 1.0 1.0 1.0 1.0 
[GUA,REFR_AC_HFC32,REFR_AC_HFC32,*,*]:
2018 2019 2020 2021 2022 2023 2024 2025 2026 2027 2028 2029 2030 2031 2032 2033 2034 2035 2036 2037 2038 2039 2040 2041 2042 2043 2044 2045 2046 2047 2048 2049 2050 :=
1 1 1.0 1.0 1.0 1.0 1.0 1.0 1.0 1.0 1.0 1.0 1.0 1.0 1.0 1.0 1.0 1.0 1.0 1.0 1.0 1.0 1.0 1.0 1.0 1.0 1.0 1.0 1.0 1.0 1.0 1.0 1.0 1.0 
[GUA,CARBONATE_ASH,CARBONATE_ASH,*,*]:
2018 2019 2020 2021 2022 2023 2024 2025 2026 2027 2028 2029 2030 2031 2032 2033 2034 2035 2036 2037 2038 2039 2040 2041 2042 2043 2044 2045 2046 2047 2048 2049 2050 :=
1 1 1.0 1.0 1.0 1.0 1.0 1.0 1.0 1.0 1.0 1.0 1.0 1.0 1.0 1.0 1.0 1.0 1.0 1.0 1.0 1.0 1.0 1.0 1.0 1.0 1.0 1.0 1.0 1.0 1.0 1.0 1.0 1.0 
;

param SpecifiedAnnualDemand default 0 :=
[GUA,*,*]:
2018 2019 2020 2021 2022 2023 2024 2025 2026 2027 2028 2029 2030 2031 2032 2033 2034 2035 2036 2037 2038 2039 2040 2041 2042 2043 2044 2045 2046 2047 2048 2049 2050 :=
E5INDCEM_PROD 2.7546 3.0039 3.525 4.2775 4.6204 5.708 6.0961 6.5107 6.9534 7.4262 7.9312 8.4705 9.0465 9.6617 10.3187 11.0204 11.7698 12.5701 13.4249 14.3378 15.3127 16.354 17.4661 18.6538 19.9222 21.2769 22.7238 24.269 25.9193 27.6818 29.5641 31.5745 33.7216 
E5IPPULIME_CAL_PROD 0.2436 0.3239 0.4235 0.4008 0.4703 0.4882 0.5068 0.526 0.546 0.5667 0.5883 0.6106 0.6338 0.6579 0.6829 0.7089 0.7358 0.7638 0.7928 0.8229 0.8542 0.8867 0.9204 0.9553 0.9916 1.0293 1.0684 1.109 1.1512 1.1949 1.2403 1.2875 1.3364 
E5IPPULIME_DOL_PROD 0.003 0.0188 0.1 0.1081 0.1169 0.1213 0.1259 0.1307 0.1356 0.1408 0.1462 0.1517 0.1575 0.1635 0.1697 0.1761 0.1828 0.1898 0.197 0.2045 0.2122 0.2203 0.2287 0.2373 0.2464 0.2557 0.2654 0.2755 0.286 0.2969 0.3081 0.3199 0.332 
E5IPPUGLASS_PROD 0.1146 0.1375 0.1796 0.1979 0.1714 0.1779 0.1846 0.1917 0.1989 0.2065 0.2143 0.2225 0.2309 0.2397 0.2488 0.2583 0.2681 0.2783 0.2889 0.2998 0.3112 0.3231 0.3353 0.3481 0.3613 0.375 0.3893 0.4041 0.4194 0.4354 0.4519 0.4691 0.4869 
E5IPPUCARBONATE_CERAMICS 0.0593 0.0066 0.0205 0.0248 0.0301 0.0312 0.0324 0.0336 0.0349 0.0362 0.0376 0.039 0.0405 0.0421 0.0437 0.0453 0.047 0.0488 0.0507 0.0526 0.0546 0.0567 0.0588 0.0611 0.0634 0.0658 0.0683 0.0709 0.0736 0.0764 0.0793 0.0823 0.0854 
E5IPPUCARBONATE_ASH 0.0216 0.0308 0.0288 0.0356 0.0367 0.0381 0.0396 0.0411 0.0426 0.0443 0.0459 0.0477 0.0495 0.0514 0.0533 0.0554 0.0575 0.0596 0.0619 0.0643 0.0667 0.0692 0.0719 0.0746 0.0774 0.0804 0.0834 0.0866 0.0899 0.0933 0.0968 0.1005 0.1043 
E5IPPUIRON_STEEL 0.2812 0.294 0.3069 0.2711 0.1335 0.1386 0.1438 0.1493 0.155 0.1609 0.167 0.1733 0.1799 0.1867 0.1938 0.2012 0.2089 0.2168 0.225 0.2336 0.2425 0.2517 0.2612 0.2712 0.2815 0.2922 0.3033 0.3148 0.3268 0.3392 0.3521 0.3654 0.3793 
E5IPPUPROD_FERRO 0.3735 0.4729 0.5724 0.0605 0.0279 0.029 0.0301 0.0312 0.0324 0.0336 0.0349 0.0363 0.0376 0.0391 0.0405 0.0421 0.0437 0.0453 0.0471 0.0489 0.0507 0.0526 0.0546 0.0567 0.0589 0.0611 0.0634 0.0658 0.0683 0.0709 0.0736 0.0764 0.0793 
E5IPPULUBRI_OILS 0.0442 0.0084 0.0084 0.0598 0.0598 0.062 0.0644 0.0668 0.0694 0.072 0.0747 0.0776 0.0805 0.0836 0.0868 0.0901 0.0935 0.097 0.1007 0.1045 0.1085 0.1126 0.1169 0.1214 0.126 0.1308 0.1357 0.1409 0.1462 0.1518 0.1576 0.1636 0.1698 
E5IPPUPARAFFIN 0.0092 0.0019 0.0031 0.0165 0.0167 0.0173 0.018 0.0186 0.0194 0.0201 0.0209 0.0216 0.0225 0.0233 0.0242 0.0251 0.0261 0.0271 0.0281 0.0292 0.0303 0.0314 0.0326 0.0339 0.0351 0.0365 0.0379 0.0393 0.0408 0.0424 0.044 0.0456 0.0474 
E5IPPUREFR_AC_HFC32 0.0165 0.0285 0.0349 0.0394 0.0519 0.0532 0.0545 0.0559 0.0573 0.0587 0.0602 0.0617 0.0633 0.0648 0.0665 0.0681 0.0698 0.0716 0.0734 0.0752 0.0771 0.079 0.081 0.083 0.0851 0.0872 0.0894 0.0916 0.0939 0.0963 0.0987 0.1011 0.1037 
E5IPPUREFR_AC_HFC125 0.0175 0.0238 0.0291 0.0321 0.0429 0.044 0.0451 0.0462 0.0474 0.0486 0.0498 0.051 0.0523 0.0536 0.0549 0.0563 0.0577 0.0592 0.0606 0.0622 0.0637 0.0653 0.0669 0.0686 0.0703 0.0721 0.0739 0.0757 0.0776 0.0796 0.0816 0.0836 0.0857 
E5IPPUREFR_AC_HFC134a 0.0209 0.0222 0.0649 0.1002 0.1397 0.1432 0.1468 0.1505 0.1542 0.1581 0.162 0.1661 0.1702 0.1745 0.1789 0.1833 0.1879 0.1926 0.1974 0.2024 0.2074 0.2126 0.2179 0.2234 0.2289 0.2347 0.2405 0.2465 0.2527 0.259 0.2655 0.2721 0.2789 
E5IPPUREFR_AC_HFC143a 0.0139 0.0235 0.0279 0.0309 0.0363 0.0372 0.0382 0.0391 0.0401 0.0411 0.0421 0.0432 0.0443 0.0454 0.0465 0.0477 0.0489 0.0501 0.0513 0.0526 0.0539 0.0553 0.0567 0.0581 0.0595 0.061 0.0625 0.0641 0.0657 0.0673 0.069 0.0708 0.0725 
;

param SpecifiedDemandProfile default 0 :=
[GUA,E5IPPUPARAFFIN,*,*]:
2018 2019 2020 2021 2022 2023 2024 2025 2026 2027 2028 2029 2030 2031 2032 2033 2034 2035 2036 2037 2038 2039 2040 2041 2042 2043 2044 2045 2046 2047 2048 2049 2050 :=
All 1 1 1 1 1 1 1 1 1 1 1 1 1 1 1 1 1 1 1 1 1 1 1 1 1 1 1 1 1 1 1 1 1 
[GUA,E5IPPUGLASS_PROD,*,*]:
2018 2019 2020 2021 2022 2023 2024 2025 2026 2027 2028 2029 2030 2031 2032 2033 2034 2035 2036 2037 2038 2039 2040 2041 2042 2043 2044 2045 2046 2047 2048 2049 2050 :=
All 1 1 1 1 1 1 1 1 1 1 1 1 1 1 1 1 1 1 1 1 1 1 1 1 1 1 1 1 1 1 1 1 1 
[GUA,E5IPPUIRON_STEEL,*,*]:
2018 2019 2020 2021 2022 2023 2024 2025 2026 2027 2028 2029 2030 2031 2032 2033 2034 2035 2036 2037 2038 2039 2040 2041 2042 2043 2044 2045 2046 2047 2048 2049 2050 :=
All 1 1 1 1 1 1 1 1 1 1 1 1 1 1 1 1 1 1 1 1 1 1 1 1 1 1 1 1 1 1 1 1 1 
[GUA,E5IPPUREFR_AC_HFC143a,*,*]:
2018 2019 2020 2021 2022 2023 2024 2025 2026 2027 2028 2029 2030 2031 2032 2033 2034 2035 2036 2037 2038 2039 2040 2041 2042 2043 2044 2045 2046 2047 2048 2049 2050 :=
All 1 1 1 1 1 1 1 1 1 1 1 1 1 1 1 1 1 1 1 1 1 1 1 1 1 1 1 1 1 1 1 1 1 
[GUA,E5IPPUREFR_AC_HFC32,*,*]:
2018 2019 2020 2021 2022 2023 2024 2025 2026 2027 2028 2029 2030 2031 2032 2033 2034 2035 2036 2037 2038 2039 2040 2041 2042 2043 2044 2045 2046 2047 2048 2049 2050 :=
All 1 1 1 1 1 1 1 1 1 1 1 1 1 1 1 1 1 1 1 1 1 1 1 1 1 1 1 1 1 1 1 1 1 
[GUA,E5IPPUREFR_AC_HFC125,*,*]:
2018 2019 2020 2021 2022 2023 2024 2025 2026 2027 2028 2029 2030 2031 2032 2033 2034 2035 2036 2037 2038 2039 2040 2041 2042 2043 2044 2045 2046 2047 2048 2049 2050 :=
All 1 1 1 1 1 1 1 1 1 1 1 1 1 1 1 1 1 1 1 1 1 1 1 1 1 1 1 1 1 1 1 1 1 
[GUA,E5IPPUCARBONATE_CERAMICS,*,*]:
2018 2019 2020 2021 2022 2023 2024 2025 2026 2027 2028 2029 2030 2031 2032 2033 2034 2035 2036 2037 2038 2039 2040 2041 2042 2043 2044 2045 2046 2047 2048 2049 2050 :=
All 1 1 1 1 1 1 1 1 1 1 1 1 1 1 1 1 1 1 1 1 1 1 1 1 1 1 1 1 1 1 1 1 1 
[GUA,E5IPPULUBRI_OILS,*,*]:
2018 2019 2020 2021 2022 2023 2024 2025 2026 2027 2028 2029 2030 2031 2032 2033 2034 2035 2036 2037 2038 2039 2040 2041 2042 2043 2044 2045 2046 2047 2048 2049 2050 :=
All 1 1 1 1 1 1 1 1 1 1 1 1 1 1 1 1 1 1 1 1 1 1 1 1 1 1 1 1 1 1 1 1 1 
[GUA,E5IPPUPROD_FERRO,*,*]:
2018 2019 2020 2021 2022 2023 2024 2025 2026 2027 2028 2029 2030 2031 2032 2033 2034 2035 2036 2037 2038 2039 2040 2041 2042 2043 2044 2045 2046 2047 2048 2049 2050 :=
All 1 1 1 1 1 1 1 1 1 1 1 1 1 1 1 1 1 1 1 1 1 1 1 1 1 1 1 1 1 1 1 1 1 
[GUA,E5IPPULIME_CAL_PROD,*,*]:
2018 2019 2020 2021 2022 2023 2024 2025 2026 2027 2028 2029 2030 2031 2032 2033 2034 2035 2036 2037 2038 2039 2040 2041 2042 2043 2044 2045 2046 2047 2048 2049 2050 :=
All 1 1 1 1 1 1 1 1 1 1 1 1 1 1 1 1 1 1 1 1 1 1 1 1 1 1 1 1 1 1 1 1 1 
[GUA,E5IPPULIME_DOL_PROD,*,*]:
2018 2019 2020 2021 2022 2023 2024 2025 2026 2027 2028 2029 2030 2031 2032 2033 2034 2035 2036 2037 2038 2039 2040 2041 2042 2043 2044 2045 2046 2047 2048 2049 2050 :=
All 1 1 1 1 1 1 1 1 1 1 1 1 1 1 1 1 1 1 1 1 1 1 1 1 1 1 1 1 1 1 1 1 1 
[GUA,E5IPPUCARBONATE_ASH,*,*]:
2018 2019 2020 2021 2022 2023 2024 2025 2026 2027 2028 2029 2030 2031 2032 2033 2034 2035 2036 2037 2038 2039 2040 2041 2042 2043 2044 2045 2046 2047 2048 2049 2050 :=
All 1 1 1 1 1 1 1 1 1 1 1 1 1 1 1 1 1 1 1 1 1 1 1 1 1 1 1 1 1 1 1 1 1 
[GUA,E5IPPUREFR_AC_HFC134a,*,*]:
2018 2019 2020 2021 2022 2023 2024 2025 2026 2027 2028 2029 2030 2031 2032 2033 2034 2035 2036 2037 2038 2039 2040 2041 2042 2043 2044 2045 2046 2047 2048 2049 2050 :=
All 1 1 1 1 1 1 1 1 1 1 1 1 1 1 1 1 1 1 1 1 1 1 1 1 1 1 1 1 1 1 1 1 1 
[GUA,E5INDCEM_PROD,*,*]:
2018 2019 2020 2021 2022 2023 2024 2025 2026 2027 2028 2029 2030 2031 2032 2033 2034 2035 2036 2037 2038 2039 2040 2041 2042 2043 2044 2045 2046 2047 2048 2049 2050 :=
All 1 1 1 1 1 1 1 1 1 1 1 1 1 1 1 1 1 1 1 1 1 1 1 1 1 1 1 1 1 1 1 1 1 
;

param TotalTechnologyAnnualActivityLowerLimit default 0 :=
[GUA,*,*]:
2018 2019 2020 2021 2022 2023 2024 2025 2026 2027 2028 2029 2030 2031 2032 2033 2034 2035 2036 2037 2038 2039 2040 2041 2042 2043 2044 2045 2046 2047 2048 2049 2050 :=
LIME_CAL_PROD 0.2436 0.3239 0.4235 0.4008 0.4703 0.4882 0.5068 0.526 0.546 0.5667 0.5883 0.6106 0.6338 0.6579 0.6829 0.7089 0.7358 0.7638 0.7928 0.8229 0.8542 0.8867 0.9204 0.9553 0.9916 1.0293 1.0684 1.109 1.1512 1.1949 1.2403 1.2875 1.3364 
LIME_DOL_PROD 0.003 0.0188 0.1 0.1081 0.1169 0.1213 0.1259 0.1307 0.1356 0.1408 0.1462 0.1517 0.1575 0.1635 0.1697 0.1761 0.1828 0.1898 0.197 0.2045 0.2122 0.2203 0.2287 0.2373 0.2464 0.2557 0.2654 0.2755 0.286 0.2969 0.3081 0.3199 0.332 
GLASS_PROD 0.1146 0.1375 0.1796 0.1979 0.1714 0.1779 0.1846 0.1917 0.1989 0.2065 0.2143 0.2225 0.2309 0.2397 0.2488 0.2583 0.2681 0.2783 0.2889 0.2998 0.3112 0.3231 0.3353 0.3481 0.3613 0.375 0.3893 0.4041 0.4194 0.4354 0.4519 0.4691 0.4869 
CARBONATE_CERAMICS 0.0593 0.0066 0.0205 0.0248 0.0301 0.0312 0.0324 0.0336 0.0349 0.0362 0.0376 0.039 0.0405 0.0421 0.0437 0.0453 0.047 0.0488 0.0507 0.0526 0.0546 0.0567 0.0588 0.0611 0.0634 0.0658 0.0683 0.0709 0.0736 0.0764 0.0793 0.0823 0.0854 
CARBONATE_ASH 0.0216 0.0308 0.0288 0.0356 0.0367 0.0381 0.0396 0.0411 0.0426 0.0443 0.0459 0.0477 0.0495 0.0514 0.0533 0.0554 0.0575 0.0596 0.0619 0.0643 0.0667 0.0692 0.0719 0.0746 0.0774 0.0804 0.0834 0.0866 0.0899 0.0933 0.0968 0.1005 0.1043 
IRON_STEEL 0.2812 0.294 0.3069 0.2711 0.1335 0.1386 0.1438 0.1493 0.155 0.1609 0.167 0.1733 0.1799 0.1867 0.1938 0.2012 0.2089 0.2168 0.225 0.2336 0.2425 0.2517 0.2612 0.2712 0.2815 0.2922 0.3033 0.3148 0.3268 0.3392 0.3521 0.3654 0.3793 
PROD_FERRO 0.3735 0.4729 0.5724 0.0605 0.0279 0.029 0.0301 0.0312 0.0324 0.0336 0.0349 0.0363 0.0376 0.0391 0.0405 0.0421 0.0437 0.0453 0.0471 0.0489 0.0507 0.0526 0.0546 0.0567 0.0589 0.0611 0.0634 0.0658 0.0683 0.0709 0.0736 0.0764 0.0793 
LUBRI_OILS 0.0442 0.0084 0.0084 0.0598 0.0598 0.062 0.0644 0.0668 0.0694 0.072 0.0747 0.0776 0.0805 0.0836 0.0868 0.0901 0.0935 0.097 0.1007 0.1045 0.1085 0.1126 0.1169 0.1214 0.126 0.1308 0.1357 0.1409 0.1462 0.1518 0.1576 0.1636 0.1698 
PARAFFIN 0.0092 0.0019 0.0031 0.0165 0.0167 0.0173 0.018 0.0186 0.0194 0.0201 0.0209 0.0216 0.0225 0.0233 0.0242 0.0251 0.0261 0.0271 0.0281 0.0292 0.0303 0.0314 0.0326 0.0339 0.0351 0.0365 0.0379 0.0393 0.0408 0.0424 0.044 0.0456 0.0474 
REFR_AC_HFC32 0.0165 0.0285 0.0349 0.0394 0.0519 0.0532 0.0545 0.0559 0.0573 0.0587 0.0602 0.0617 0.0633 0.0648 0.0665 0.0681 0.0698 0.0716 0.0734 0.0752 0.0771 0.079 0.081 0.083 0.0851 0.0872 0.0894 0.0916 0.0939 0.0963 0.0987 0.1011 0.1037 
REFR_AC_HFC125 0.0175 0.0238 0.0291 0.0321 0.0429 0.044 0.0451 0.0462 0.0474 0.0486 0.0498 0.051 0.0523 0.0536 0.0549 0.0563 0.0577 0.0592 0.0606 0.0622 0.0637 0.0653 0.0669 0.0686 0.0703 0.0721 0.0739 0.0757 0.0776 0.0796 0.0816 0.0836 0.0857 
REFR_AC_HFC134a 0.0209 0.0222 0.0649 0.1002 0.1397 0.1432 0.1468 0.1505 0.1542 0.1581 0.162 0.1661 0.1702 0.1745 0.1789 0.1833 0.1879 0.1926 0.1974 0.2024 0.2074 0.2126 0.2179 0.2234 0.2289 0.2347 0.2405 0.2465 0.2527 0.259 0.2655 0.2721 0.2789 
REFR_AC_HFC143a 0.0139 0.0235 0.0279 0.0309 0.0363 0.0372 0.0382 0.0391 0.0401 0.0411 0.0421 0.0432 0.0443 0.0454 0.0465 0.0477 0.0489 0.0501 0.0513 0.0526 0.0539 0.0553 0.0567 0.0581 0.0595 0.061 0.0625 0.0641 0.0657 0.0673 0.069 0.0708 0.0725 
PROD_CLK_TRAD 0.0 0.0 0.0 0.0 0.0 0.0 0.0 0.0 0.0 0.0 0.0 0.0 0.0 0.0 0.0 0.0 0.0 0.0 0.0 0.0 0.0 0.0 0.0 0.0 0.0 0.0 0.0 0.0 0.0 0.0 0.0 0.0 0.0 
;

param TotalTechnologyAnnualActivityUpperLimit default 9999999999 :=
[GUA,*,*]:
2018 2019 2020 2021 2022 2023 2024 2025 2026 2027 2028 2029 2030 2031 2032 2033 2034 2035 2036 2037 2038 2039 2040 2041 2042 2043 2044 2045 2046 2047 2048 2049 2050 :=
IMP_STOR 0.0 0.0 0.0 0.0 0.0 0.0 0.0 0.0 0.0 0.0 0.0 0.0 0.0 0.0 0.0 0.0 0.0 0.0 0.0 0.0 0.0 0.0 0.0 0.0 0.0 0.0 0.0 0.0 0.0 0.0 0.0 0.0 0.0 
LIME_CAL_PROD 0.2436 0.3239 0.4235 0.4008 0.4703 0.4882 0.5068 0.526 0.546 0.5667 0.5883 0.6106 0.6338 0.6579 0.6829 0.7089 0.7358 0.7638 0.7928 0.8229 0.8542 0.8867 0.9204 0.9553 0.9916 1.0293 1.0684 1.109 1.1512 1.1949 1.2403 1.2875 1.3364 
LIME_DOL_PROD 0.003 0.0188 0.1 0.1081 0.1169 0.1213 0.1259 0.1307 0.1356 0.1408 0.1462 0.1517 0.1575 0.1635 0.1697 0.1761 0.1828 0.1898 0.197 0.2045 0.2122 0.2203 0.2287 0.2373 0.2464 0.2557 0.2654 0.2755 0.286 0.2969 0.3081 0.3199 0.332 
GLASS_PROD 0.1146 0.1375 0.1796 0.1979 0.1714 0.1779 0.1846 0.1917 0.1989 0.2065 0.2143 0.2225 0.2309 0.2397 0.2488 0.2583 0.2681 0.2783 0.2889 0.2998 0.3112 0.3231 0.3353 0.3481 0.3613 0.375 0.3893 0.4041 0.4194 0.4354 0.4519 0.4691 0.4869 
CARBONATE_CERAMICS 0.0593 0.0066 0.0205 0.0248 0.0301 0.0312 0.0324 0.0336 0.0349 0.0362 0.0376 0.039 0.0405 0.0421 0.0437 0.0453 0.047 0.0488 0.0507 0.0526 0.0546 0.0567 0.0588 0.0611 0.0634 0.0658 0.0683 0.0709 0.0736 0.0764 0.0793 0.0823 0.0854 
CARBONATE_ASH 0.0216 0.0308 0.0288 0.0356 0.0367 0.0381 0.0396 0.0411 0.0426 0.0443 0.0459 0.0477 0.0495 0.0514 0.0533 0.0554 0.0575 0.0596 0.0619 0.0643 0.0667 0.0692 0.0719 0.0746 0.0774 0.0804 0.0834 0.0866 0.0899 0.0933 0.0968 0.1005 0.1043 
IRON_STEEL 0.2812 0.294 0.3069 0.2711 0.1335 0.1386 0.1438 0.1493 0.155 0.1609 0.167 0.1733 0.1799 0.1867 0.1938 0.2012 0.2089 0.2168 0.225 0.2336 0.2425 0.2517 0.2612 0.2712 0.2815 0.2922 0.3033 0.3148 0.3268 0.3392 0.3521 0.3654 0.3793 
PROD_FERRO 0.3735 0.4729 0.5724 0.0605 0.0279 0.029 0.0301 0.0312 0.0324 0.0336 0.0349 0.0363 0.0376 0.0391 0.0405 0.0421 0.0437 0.0453 0.0471 0.0489 0.0507 0.0526 0.0546 0.0567 0.0589 0.0611 0.0634 0.0658 0.0683 0.0709 0.0736 0.0764 0.0793 
LUBRI_OILS 0.0442 0.0084 0.0084 0.0598 0.0598 0.062 0.0644 0.0668 0.0694 0.072 0.0747 0.0776 0.0805 0.0836 0.0868 0.0901 0.0935 0.097 0.1007 0.1045 0.1085 0.1126 0.1169 0.1214 0.126 0.1308 0.1357 0.1409 0.1462 0.1518 0.1576 0.1636 0.1698 
PARAFFIN 0.0092 0.0019 0.0031 0.0165 0.0167 0.0173 0.018 0.0186 0.0194 0.0201 0.0209 0.0216 0.0225 0.0233 0.0242 0.0251 0.0261 0.0271 0.0281 0.0292 0.0303 0.0314 0.0326 0.0339 0.0351 0.0365 0.0379 0.0393 0.0408 0.0424 0.044 0.0456 0.0474 
REFR_AC_HFC32 0.0165 0.0285 0.0349 0.0394 0.0519 0.0532 0.0545 0.0559 0.0573 0.0587 0.0602 0.0617 0.0633 0.0648 0.0665 0.0681 0.0698 0.0716 0.0734 0.0752 0.0771 0.079 0.081 0.083 0.0851 0.0872 0.0894 0.0916 0.0939 0.0963 0.0987 0.1011 0.1037 
REFR_AC_HFC125 0.0175 0.0238 0.0291 0.0321 0.0429 0.044 0.0451 0.0462 0.0474 0.0486 0.0498 0.051 0.0523 0.0536 0.0549 0.0563 0.0577 0.0592 0.0606 0.0622 0.0637 0.0653 0.0669 0.0686 0.0703 0.0721 0.0739 0.0757 0.0776 0.0796 0.0816 0.0836 0.0857 
REFR_AC_HFC134a 0.0209 0.0222 0.0649 0.1002 0.1397 0.1432 0.1468 0.1505 0.1542 0.1581 0.162 0.1661 0.1702 0.1745 0.1789 0.1833 0.1879 0.1926 0.1974 0.2024 0.2074 0.2126 0.2179 0.2234 0.2289 0.2347 0.2405 0.2465 0.2527 0.259 0.2655 0.2721 0.2789 
REFR_AC_HFC143a 0.0139 0.0235 0.0279 0.0309 0.0363 0.0372 0.0382 0.0391 0.0401 0.0411 0.0421 0.0432 0.0443 0.0454 0.0465 0.0477 0.0489 0.0501 0.0513 0.0526 0.0539 0.0553 0.0567 0.0581 0.0595 0.061 0.0625 0.0641 0.0657 0.0673 0.069 0.0708 0.0725 
PROD_CLK_TRAD 1.9035 2.0598 2.3918 2.8703 3.1281 3.91 4.1838 4.4768 4.7902 5.1256 5.4845 5.8684 6.2792 6.7188 7.1891 7.6923 8.2307 8.8067 9.423 10.081 10.7863 11.5411 12.3486 13.2125 14.1368 15.1258 16.1839 17.316 18.5272 19.823 21.2093 22.6926 24.2796 
PROD_CEM 2.7546 3.0039 3.525 4.2775 4.6204 5.708 6.0961 6.5107 6.9534 7.4262 7.9312 8.4705 9.0465 9.6617 10.3187 11.0204 11.7698 12.5701 13.4249 14.3378 15.3127 16.354 17.4661 18.6538 19.9222 21.2769 22.7238 24.269 25.9193 27.6818 29.5641 31.5745 33.7216 
;

param YearSplit default 0 :
2018 2019 2020 2021 2022 2023 2024 2025 2026 2027 2028 2029 2030 2031 2032 2033 2034 2035 2036 2037 2038 2039 2040 2041 2042 2043 2044 2045 2046 2047 2048 2049 2050 :=
All 1 1 1 1 1 1 1 1 1 1 1 1 1 1 1 1 1 1 1 1 1 1 1 1 1 1 1 1 1 1 1 1 1 
;

param AccumulatedAnnualDemand default 0 :=
;
param AnnualEmissionLimit default 999999999999 :=
;
param AnnualExogenousEmission default 0 :=
;
param CapacityOfOneTechnologyUnit default 0 :=
;
param CapitalCostStorage default 0 :=
;
param Conversionld default 0 :=
;
param Conversionlh default 0 :=
;
param Conversionls default 0 :=
;
param DaySplit default 0.00137 :=
;
param DaysInDayType default 7 :=
;
param DepreciationMethod default 1 :=
;
param DiscountRate default 0.05 :=
;
param EmissionsPenalty default 0 :=
;
param MinStorageCharge default 0 :=
;
param ModelPeriodEmissionLimit default 999999999999 :=
;
param ModelPeriodExogenousEmission default 0 :=
;
param OperationalLifeStorage default 1 :=
;
param REMinProductionTarget default 0 :=
;
param RETagFuel default 0 :=
;
param RETagTechnology default 0 :=
;
param ReserveMargin default 0 :=
;
param ReserveMarginTagFuel default 0 :=
;
param ReserveMarginTagTechnology default 0 :=
;
param ResidualStorageCapacity default 0 :=
;
param StorageLevelStart default 0 :=
;
param StorageMaxChargeRate default 0 :=
;
param StorageMaxDischargeRate default 0 :=
;
param TechnologyFromStorage default 0 :=
;
param TechnologyToStorage default 0 :=
;
param TotalAnnualMaxCapacityInvestment default 999999999999 :=
;
param TotalAnnualMinCapacity default 0 :=
;
param TotalTechnologyModelPeriodActivityLowerLimit default 0 :=
;
param TotalTechnologyModelPeriodActivityUpperLimit default 999999999999 :=
;
param TradeRoute default 0 :=
;
param ResidualCapacity default 0 :=
;
param TotalAnnualMinCapacityInvestment default 0 :=
;
param VariableCost default 0 :=
;
param FixedCost default 0 :=
;
param CapacityFactor default 1 :=
;
param AvailabilityFactor default 1 :=
;
param TotalAnnualMaxCapacity default 999999999999 :=
;
#
end;
