###############
#    Sets     #
###############
#
set DAILYTIMEBRACKET :=  ;
set DAYTYPE :=  ;
set SEASON :=  ;
set STORAGE :=  ;
set YEAR := 2018 2019 2020 2021 2022 2023 2024 2025 2026 2027 2028 2029 2030 2031 2032 2033 2034 2035 2036 2037 2038 2039 2040 2041 2042 2043 2044 2045 2046 2047 2048 2049 2050 ;
set TECHNOLOGY := RAW_MAT_CLK RAW_MAT_CEM IMP_STOR LIME_PROD CARBONATE CARBIDE_PROD PROD_FERRO PROD_CINC LUBRI_OILS PARAFFIN PU_N2O REFR_AC_HFC32 REFR_AC_HFC125 REFR_AC_HFC134a REFR_AC_HFC143a PROD_CLK_TRAD PROD_CEM T5CEM_PRODIND T5LIME_PRODIPPU T5CARBONATEIPPU T5CARBIDE_PRODIPPU T5PROD_FERROIPPU T5PROD_CINCIPPU T5LUBRI_OILSIPPU T5PARAFFINIPPU T5PU_N2OIPPU T5REFR_AC_HFC32IPPU T5REFR_AC_HFC125IPPU T5REFR_AC_HFC134aIPPU T5REFR_AC_HFC143aIPPU ;
set TIMESLICE := All ;
set FUEL := RAW_MAT_CLK RAW_MAT_CEM CLK_PROD LIME_PROD CARBONATE CARBIDE_PROD PROD_FERRO PROD_CINC LUBRI_OILS PARAFFIN PU_N2O REFR_AC_HFC32 REFR_AC_HFC125 REFR_AC_HFC134a REFR_AC_HFC143a CEM_PROD E5INDCEM_PROD E5IPPULIME_PROD E5IPPUCARBONATE E5IPPUCARBIDE_PROD E5IPPUPROD_FERRO E5IPPUPROD_CINC E5IPPULUBRI_OILS E5IPPUPARAFFIN E5IPPUPU_N2O E5IPPUREFR_AC_HFC32 E5IPPUREFR_AC_HFC125 E5IPPUREFR_AC_HFC134a E5IPPUREFR_AC_HFC143a ;
set EMISSION := CO2e_IPPU ;
set MODE_OF_OPERATION := 1 ;
set REGION := RD ;

###############
#    Parameters     #
###############
#
param AvailabilityFactor default 1 :=
[RD,*,*]:
2018 2019 2020 2021 2022 2023 2024 2025 2026 2027 2028 2029 2030 2031 2032 2033 2034 2035 2036 2037 2038 2039 2040 2041 2042 2043 2044 2045 2046 2047 2048 2049 2050 :=
PROD_CLK_TRAD 0.7791 0.7791 0.7791 0.7791 0.7791 0.7791 0.7791 0.7791 0.7791 0.7791 0.7791 0.7791 0.7791 0.7791 0.7791 0.7791 0.7791 0.7791 0.7791 0.7791 0.7791 0.7791 0.7791 0.7791 0.7791 0.7791 0.7791 0.7791 0.7791 0.7791 0.7791 0.7791 0.7791 
PROD_CEM 0.6819 0.6819 0.6819 0.6819 0.6819 0.6819 0.6819 0.6819 0.6819 0.6819 0.6819 0.6819 0.6819 0.6819 0.6819 0.6819 0.6819 0.6819 0.6819 0.6819 0.6819 0.6819 0.6819 0.6819 0.6819 0.6819 0.6819 0.6819 0.6819 0.6819 0.6819 0.6819 0.6819 
;

param CapacityFactor default 1 :=
[RD,PROD_CEM,*,*]:
2018 2019 2020 2021 2022 2023 2024 2025 2026 2027 2028 2029 2030 2031 2032 2033 2034 2035 2036 2037 2038 2039 2040 2041 2042 2043 2044 2045 2046 2047 2048 2049 2050 :=
All 1.0 1.0 1.0 1.0 1.0 1.0 1.0 1.0 1.0 1.0 1.0 1.0 1.0 1.0 1.0 1.0 1.0 1.0 1.0 1.0 1.0 1.0 1.0 1.0 1.0 1.0 1.0 1.0 1.0 1.0 1.0 1.0 1.0 
[RD,PROD_CLK_TRAD,*,*]:
2018 2019 2020 2021 2022 2023 2024 2025 2026 2027 2028 2029 2030 2031 2032 2033 2034 2035 2036 2037 2038 2039 2040 2041 2042 2043 2044 2045 2046 2047 2048 2049 2050 :=
All 1.0 1.0 1.0 1.0 1.0 1.0 1.0 1.0 1.0 1.0 1.0 1.0 1.0 1.0 1.0 1.0 1.0 1.0 1.0 1.0 1.0 1.0 1.0 1.0 1.0 1.0 1.0 1.0 1.0 1.0 1.0 1.0 1.0 
;

param CapacityToActivityUnit default 1 :
RAW_MAT_CLK RAW_MAT_CEM IMP_STOR LIME_PROD CARBONATE CARBIDE_PROD PROD_FERRO PROD_CINC LUBRI_OILS PARAFFIN PU_N2O REFR_AC_HFC32 REFR_AC_HFC125 REFR_AC_HFC134a REFR_AC_HFC143a PROD_CLK_TRAD PROD_CEM T5CEM_PRODIND T5LIME_PRODIPPU T5CARBONATEIPPU T5CARBIDE_PRODIPPU T5PROD_FERROIPPU T5PROD_CINCIPPU T5LUBRI_OILSIPPU T5PARAFFINIPPU T5PU_N2OIPPU T5REFR_AC_HFC32IPPU T5REFR_AC_HFC125IPPU T5REFR_AC_HFC134aIPPU T5REFR_AC_HFC143aIPPU :=
RD 1 1 1 1 1 1 1 1 1 1 1 1 1 1 1 1 1 1 1 1 1 1 1 1 1 1 1 1 1 1 
;

param CapitalCost default 0 :=
[RD,*,*]:
2018 2019 2020 2021 2022 2023 2024 2025 2026 2027 2028 2029 2030 2031 2032 2033 2034 2035 2036 2037 2038 2039 2040 2041 2042 2043 2044 2045 2046 2047 2048 2049 2050 :=
REFR_AC_HFC32 0.0 0.0 0.0 0.0 0.0 0.0 0.0 0.0 0.0 0.0 0.0 0.0 0.0 0.0 0.0 0.0 0.0 0.0 0.0 0.0 0.0 0.0 0.0 0.0 0.0 0.0 0.0 0.0 0.0 0.0 0.0 0.0 0.0 
REFR_AC_HFC125 0.0 0.0 0.0 0.0 0.0 0.0 0.0 0.0 0.0 0.0 0.0 0.0 0.0 0.0 0.0 0.0 0.0 0.0 0.0 0.0 0.0 0.0 0.0 0.0 0.0 0.0 0.0 0.0 0.0 0.0 0.0 0.0 0.0 
REFR_AC_HFC134a 0.0 0.0 0.0 0.0 0.0 0.0 0.0 0.0 0.0 0.0 0.0 0.0 0.0 0.0 0.0 0.0 0.0 0.0 0.0 0.0 0.0 0.0 0.0 0.0 0.0 0.0 0.0 0.0 0.0 0.0 0.0 0.0 0.0 
REFR_AC_HFC143a 0.0 0.0 0.0 0.0 0.0 0.0 0.0 0.0 0.0 0.0 0.0 0.0 0.0 0.0 0.0 0.0 0.0 0.0 0.0 0.0 0.0 0.0 0.0 0.0 0.0 0.0 0.0 0.0 0.0 0.0 0.0 0.0 0.0 
PROD_CLK_TRAD 0.0 0.0 0.0 0.0 0.0 0.0 0.0 0.0 0.0 0.0 0.0 0.0 0.0 0.0 0.0 0.0 0.0 0.0 0.0 0.0 0.0 0.0 0.0 0.0 0.0 0.0 0.0 0.0 0.0 0.0 0.0 0.0 0.0 
PROD_CEM 0.0 0.0 0.0 0.0 0.0 0.0 0.0 0.0 0.0 0.0 0.0 0.0 0.0 0.0 0.0 0.0 0.0 0.0 0.0 0.0 0.0 0.0 0.0 0.0 0.0 0.0 0.0 0.0 0.0 0.0 0.0 0.0 0.0 
;

param EmissionActivityRatio default 0 :=
[RD,PROD_FERRO,CO2e_IPPU,*,*]:
2018 2019 2020 2021 2022 2023 2024 2025 2026 2027 2028 2029 2030 2031 2032 2033 2034 2035 2036 2037 2038 2039 2040 2041 2042 2043 2044 2045 2046 2047 2048 2049 2050 :=
1 4.0158 4.0158 4.0158 4.0158 4.0158 4.0158 4.0158 4.0158 4.0158 4.0158 4.0158 4.0158 4.0158 4.0158 4.0158 4.0158 4.0158 4.0158 4.0158 4.0158 4.0158 4.0158 4.0158 4.0158 4.0158 4.0158 4.0158 4.0158 4.0158 4.0158 4.0158 4.0158 4.0158 
[RD,PU_N2O,CO2e_IPPU,*,*]:
2018 2019 2020 2021 2022 2023 2024 2025 2026 2027 2028 2029 2030 2031 2032 2033 2034 2035 2036 2037 2038 2039 2040 2041 2042 2043 2044 2045 2046 2047 2048 2049 2050 :=
1 1.0 1.0 1.0 1.0 1.0 1.0 1.0 1.0 1.0 1.0 1.0 1.0 1.0 1.0 1.0 1.0 1.0 1.0 1.0 1.0 1.0 1.0 1.0 1.0 1.0 1.0 1.0 1.0 1.0 1.0 1.0 1.0 1.0 
[RD,REFR_AC_HFC32,CO2e_IPPU,*,*]:
2018 2019 2020 2021 2022 2023 2024 2025 2026 2027 2028 2029 2030 2031 2032 2033 2034 2035 2036 2037 2038 2039 2040 2041 2042 2043 2044 2045 2046 2047 2048 2049 2050 :=
1 1.0 1.0 1.0 1.0 1.0 1.0 1.0 1.0 1.0 1.0 1.0 1.0 1.0 1.0 1.0 1.0 1.0 1.0 1.0 1.0 1.0 1.0 1.0 1.0 1.0 1.0 1.0 1.0 1.0 1.0 1.0 1.0 1.0 
[RD,CARBIDE_PROD,CO2e_IPPU,*,*]:
2018 2019 2020 2021 2022 2023 2024 2025 2026 2027 2028 2029 2030 2031 2032 2033 2034 2035 2036 2037 2038 2039 2040 2041 2042 2043 2044 2045 2046 2047 2048 2049 2050 :=
1 0.0011 0.0011 0.0011 0.0011 0.0011 0.0011 0.0011 0.0011 0.0011 0.0011 0.0011 0.0011 0.0011 0.0011 0.0011 0.0011 0.0011 0.0011 0.0011 0.0011 0.0011 0.0011 0.0011 0.0011 0.0011 0.0011 0.0011 0.0011 0.0011 0.0011 0.0011 0.0011 0.0011 
[RD,REFR_AC_HFC143a,CO2e_IPPU,*,*]:
2018 2019 2020 2021 2022 2023 2024 2025 2026 2027 2028 2029 2030 2031 2032 2033 2034 2035 2036 2037 2038 2039 2040 2041 2042 2043 2044 2045 2046 2047 2048 2049 2050 :=
1 1.0 1.0 1.0 1.0 1.0 1.0 1.0 1.0 1.0 1.0 1.0 1.0 1.0 1.0 1.0 1.0 1.0 1.0 1.0 1.0 1.0 1.0 1.0 1.0 1.0 1.0 1.0 1.0 1.0 1.0 1.0 1.0 1.0 
[RD,LUBRI_OILS,CO2e_IPPU,*,*]:
2018 2019 2020 2021 2022 2023 2024 2025 2026 2027 2028 2029 2030 2031 2032 2033 2034 2035 2036 2037 2038 2039 2040 2041 2042 2043 2044 2045 2046 2047 2048 2049 2050 :=
1 0.7108 0.7108 0.7108 0.6116 0.5058 0.5058 0.5058 0.5058 0.5058 0.5058 0.5058 0.5058 0.5058 0.5058 0.5058 0.5058 0.5058 0.5058 0.5058 0.5058 0.5058 0.5058 0.5058 0.5058 0.5058 0.5058 0.5058 0.5058 0.5058 0.5058 0.5058 0.5058 0.5058 
[RD,LIME_PROD,CO2e_IPPU,*,*]:
2018 2019 2020 2021 2022 2023 2024 2025 2026 2027 2028 2029 2030 2031 2032 2033 2034 2035 2036 2037 2038 2039 2040 2041 2042 2043 2044 2045 2046 2047 2048 2049 2050 :=
1 0.75 0.75 0.75 0.75 0.75 0.75 0.75 0.75 0.75 0.75 0.75 0.75 0.75 0.75 0.75 0.75 0.75 0.75 0.75 0.75 0.75 0.75 0.75 0.75 0.75 0.75 0.75 0.75 0.75 0.75 0.75 0.75 0.75 
[RD,REFR_AC_HFC125,CO2e_IPPU,*,*]:
2018 2019 2020 2021 2022 2023 2024 2025 2026 2027 2028 2029 2030 2031 2032 2033 2034 2035 2036 2037 2038 2039 2040 2041 2042 2043 2044 2045 2046 2047 2048 2049 2050 :=
1 1.0 1.0 1.0 1.0 1.0 1.0 1.0 1.0 1.0 1.0 1.0 1.0 1.0 1.0 1.0 1.0 1.0 1.0 1.0 1.0 1.0 1.0 1.0 1.0 1.0 1.0 1.0 1.0 1.0 1.0 1.0 1.0 1.0 
[RD,REFR_AC_HFC134a,CO2e_IPPU,*,*]:
2018 2019 2020 2021 2022 2023 2024 2025 2026 2027 2028 2029 2030 2031 2032 2033 2034 2035 2036 2037 2038 2039 2040 2041 2042 2043 2044 2045 2046 2047 2048 2049 2050 :=
1 1.0 1.0 1.0 1.0 1.0 1.0 1.0 1.0 1.0 1.0 1.0 1.0 1.0 1.0 1.0 1.0 1.0 1.0 1.0 1.0 1.0 1.0 1.0 1.0 1.0 1.0 1.0 1.0 1.0 1.0 1.0 1.0 1.0 
[RD,PARAFFIN,CO2e_IPPU,*,*]:
2018 2019 2020 2021 2022 2023 2024 2025 2026 2027 2028 2029 2030 2031 2032 2033 2034 2035 2036 2037 2038 2039 2040 2041 2042 2043 2044 2045 2046 2047 2048 2049 2050 :=
1 0.6747 0.6747 0.6747 0.6747 0.6747 0.6747 0.6747 0.6747 0.6747 0.6747 0.6747 0.6747 0.6747 0.6747 0.6747 0.6747 0.6747 0.6747 0.6747 0.6747 0.6747 0.6747 0.6747 0.6747 0.6747 0.6747 0.6747 0.6747 0.6747 0.6747 0.6747 0.6747 0.6747 
[RD,CARBONATE,CO2e_IPPU,*,*]:
2018 2019 2020 2021 2022 2023 2024 2025 2026 2027 2028 2029 2030 2031 2032 2033 2034 2035 2036 2037 2038 2039 2040 2041 2042 2043 2044 2045 2046 2047 2048 2049 2050 :=
1 0.4149 0.4149 0.4149 0.4149 0.4149 0.4149 0.4149 0.4149 0.4149 0.4149 0.4149 0.4149 0.4149 0.4149 0.4149 0.4149 0.4149 0.4149 0.4149 0.4149 0.4149 0.4149 0.4149 0.4149 0.4149 0.4149 0.4149 0.4149 0.4149 0.4149 0.4149 0.4149 0.4149 
[RD,PROD_CINC,CO2e_IPPU,*,*]:
2018 2019 2020 2021 2022 2023 2024 2025 2026 2027 2028 2029 2030 2031 2032 2033 2034 2035 2036 2037 2038 2039 2040 2041 2042 2043 2044 2045 2046 2047 2048 2049 2050 :=
1 1.72 1.72 1.72 1.72 1.72 1.72 1.72 1.72 1.72 1.72 1.72 1.72 1.72 1.72 1.72 1.72 1.72 1.72 1.72 1.72 1.72 1.72 1.72 1.72 1.72 1.72 1.72 1.72 1.72 1.72 1.72 1.72 1.72 
[RD,PROD_CLK_TRAD,CO2e_IPPU,*,*]:
2018 2019 2020 2021 2022 2023 2024 2025 2026 2027 2028 2029 2030 2031 2032 2033 2034 2035 2036 2037 2038 2039 2040 2041 2042 2043 2044 2045 2046 2047 2048 2049 2050 :=
1 0.5203 0.5203 0.5203 0.5203 0.5203 0.5203 0.5203 0.5203 0.5203 0.5203 0.5203 0.5203 0.5203 0.5203 0.5203 0.5203 0.5203 0.5203 0.5203 0.5203 0.5203 0.5203 0.5203 0.5203 0.5203 0.5203 0.5203 0.5203 0.5203 0.5203 0.5203 0.5203 0.5203 
;

param FixedCost default 0 :=
[RD,*,*]:
2018 2019 2020 2021 2022 2023 2024 2025 2026 2027 2028 2029 2030 2031 2032 2033 2034 2035 2036 2037 2038 2039 2040 2041 2042 2043 2044 2045 2046 2047 2048 2049 2050 :=
PROD_CLK_TRAD 0.0 0.0 0.0 0.0 0.0 0.0 0.0 0.0 0.0 0.0 0.0 0.0 0.0 0.0 0.0 0.0 0.0 0.0 0.0 0.0 0.0 0.0 0.0 0.0 0.0 0.0 0.0 0.0 0.0 0.0 0.0 0.0 0.0 
PROD_CEM 0.0 0.0 0.0 0.0 0.0 0.0 0.0 0.0 0.0 0.0 0.0 0.0 0.0 0.0 0.0 0.0 0.0 0.0 0.0 0.0 0.0 0.0 0.0 0.0 0.0 0.0 0.0 0.0 0.0 0.0 0.0 0.0 0.0 
;

param InputActivityRatio default 0 :=
[RD,PROD_CEM,RAW_MAT_CEM,*,*]:
2018 2019 2020 2021 2022 2023 2024 2025 2026 2027 2028 2029 2030 2031 2032 2033 2034 2035 2036 2037 2038 2039 2040 2041 2042 2043 2044 2045 2046 2047 2048 2049 2050 :=
1 0.2872 0.2929 0.2986 0.3043 0.31 0.31 0.31 0.31 0.31 0.31 0.31 0.31 0.31 0.31 0.31 0.31 0.31 0.31 0.31 0.31 0.31 0.31 0.31 0.31 0.31 0.31 0.31 0.31 0.31 0.31 0.31 0.31 0.31 
[RD,T5REFR_AC_HFC125IPPU,REFR_AC_HFC125,*,*]:
2018 2019 2020 2021 2022 2023 2024 2025 2026 2027 2028 2029 2030 2031 2032 2033 2034 2035 2036 2037 2038 2039 2040 2041 2042 2043 2044 2045 2046 2047 2048 2049 2050 :=
1 1.0 1.0 1.0 1.0 1.0 1.0 1.0 1.0 1.0 1.0 1.0 1.0 1.0 1.0 1.0 1.0 1.0 1.0 1.0 1.0 1.0 1.0 1.0 1.0 1.0 1.0 1.0 1.0 1.0 1.0 1.0 1.0 1.0 
[RD,T5CARBONATEIPPU,CARBONATE,*,*]:
2018 2019 2020 2021 2022 2023 2024 2025 2026 2027 2028 2029 2030 2031 2032 2033 2034 2035 2036 2037 2038 2039 2040 2041 2042 2043 2044 2045 2046 2047 2048 2049 2050 :=
1 1.0 1.0 1.0 1.0 1.0 1.0 1.0 1.0 1.0 1.0 1.0 1.0 1.0 1.0 1.0 1.0 1.0 1.0 1.0 1.0 1.0 1.0 1.0 1.0 1.0 1.0 1.0 1.0 1.0 1.0 1.0 1.0 1.0 
[RD,PROD_CEM,CLK_PROD,*,*]:
2018 2019 2020 2021 2022 2023 2024 2025 2026 2027 2028 2029 2030 2031 2032 2033 2034 2035 2036 2037 2038 2039 2040 2041 2042 2043 2044 2045 2046 2047 2048 2049 2050 :=
1 0.7128 0.7071 0.7014 0.6957 0.69 0.69 0.69 0.69 0.69 0.69 0.69 0.69 0.69 0.69 0.69 0.69 0.69 0.69 0.69 0.69 0.69 0.69 0.69 0.69 0.69 0.69 0.69 0.69 0.69 0.69 0.69 0.69 0.69 
[RD,T5PROD_CINCIPPU,PROD_CINC,*,*]:
2018 2019 2020 2021 2022 2023 2024 2025 2026 2027 2028 2029 2030 2031 2032 2033 2034 2035 2036 2037 2038 2039 2040 2041 2042 2043 2044 2045 2046 2047 2048 2049 2050 :=
1 1.0 1.0 1.0 1.0 1.0 1.0 1.0 1.0 1.0 1.0 1.0 1.0 1.0 1.0 1.0 1.0 1.0 1.0 1.0 1.0 1.0 1.0 1.0 1.0 1.0 1.0 1.0 1.0 1.0 1.0 1.0 1.0 1.0 
[RD,T5PROD_FERROIPPU,PROD_FERRO,*,*]:
2018 2019 2020 2021 2022 2023 2024 2025 2026 2027 2028 2029 2030 2031 2032 2033 2034 2035 2036 2037 2038 2039 2040 2041 2042 2043 2044 2045 2046 2047 2048 2049 2050 :=
1 1.0 1.0 1.0 1.0 1.0 1.0 1.0 1.0 1.0 1.0 1.0 1.0 1.0 1.0 1.0 1.0 1.0 1.0 1.0 1.0 1.0 1.0 1.0 1.0 1.0 1.0 1.0 1.0 1.0 1.0 1.0 1.0 1.0 
[RD,T5CEM_PRODIND,CEM_PROD,*,*]:
2018 2019 2020 2021 2022 2023 2024 2025 2026 2027 2028 2029 2030 2031 2032 2033 2034 2035 2036 2037 2038 2039 2040 2041 2042 2043 2044 2045 2046 2047 2048 2049 2050 :=
1 1.0 1.0 1.0 1.0 1.0 1.0 1.0 1.0 1.0 1.0 1.0 1.0 1.0 1.0 1.0 1.0 1.0 1.0 1.0 1.0 1.0 1.0 1.0 1.0 1.0 1.0 1.0 1.0 1.0 1.0 1.0 1.0 1.0 
[RD,T5PARAFFINIPPU,PARAFFIN,*,*]:
2018 2019 2020 2021 2022 2023 2024 2025 2026 2027 2028 2029 2030 2031 2032 2033 2034 2035 2036 2037 2038 2039 2040 2041 2042 2043 2044 2045 2046 2047 2048 2049 2050 :=
1 1.0 1.0 1.0 1.0 1.0 1.0 1.0 1.0 1.0 1.0 1.0 1.0 1.0 1.0 1.0 1.0 1.0 1.0 1.0 1.0 1.0 1.0 1.0 1.0 1.0 1.0 1.0 1.0 1.0 1.0 1.0 1.0 1.0 
[RD,PROD_CLK_TRAD,RAW_MAT_CLK,*,*]:
2018 2019 2020 2021 2022 2023 2024 2025 2026 2027 2028 2029 2030 2031 2032 2033 2034 2035 2036 2037 2038 2039 2040 2041 2042 2043 2044 2045 2046 2047 2048 2049 2050 :=
1 1.0 1.0 1.0 1.0 1.0 1.0 1.0 1.0 1.0 1.0 1.0 1.0 1.0 1.0 1.0 1.0 1.0 1.0 1.0 1.0 1.0 1.0 1.0 1.0 1.0 1.0 1.0 1.0 1.0 1.0 1.0 1.0 1.0 
[RD,T5REFR_AC_HFC134aIPPU,REFR_AC_HFC134a,*,*]:
2018 2019 2020 2021 2022 2023 2024 2025 2026 2027 2028 2029 2030 2031 2032 2033 2034 2035 2036 2037 2038 2039 2040 2041 2042 2043 2044 2045 2046 2047 2048 2049 2050 :=
1 1.0 1.0 1.0 1.0 1.0 1.0 1.0 1.0 1.0 1.0 1.0 1.0 1.0 1.0 1.0 1.0 1.0 1.0 1.0 1.0 1.0 1.0 1.0 1.0 1.0 1.0 1.0 1.0 1.0 1.0 1.0 1.0 1.0 
[RD,T5LUBRI_OILSIPPU,LUBRI_OILS,*,*]:
2018 2019 2020 2021 2022 2023 2024 2025 2026 2027 2028 2029 2030 2031 2032 2033 2034 2035 2036 2037 2038 2039 2040 2041 2042 2043 2044 2045 2046 2047 2048 2049 2050 :=
1 1.0 1.0 1.0 1.0 1.0 1.0 1.0 1.0 1.0 1.0 1.0 1.0 1.0 1.0 1.0 1.0 1.0 1.0 1.0 1.0 1.0 1.0 1.0 1.0 1.0 1.0 1.0 1.0 1.0 1.0 1.0 1.0 1.0 
[RD,T5REFR_AC_HFC32IPPU,REFR_AC_HFC32,*,*]:
2018 2019 2020 2021 2022 2023 2024 2025 2026 2027 2028 2029 2030 2031 2032 2033 2034 2035 2036 2037 2038 2039 2040 2041 2042 2043 2044 2045 2046 2047 2048 2049 2050 :=
1 1.0 1.0 1.0 1.0 1.0 1.0 1.0 1.0 1.0 1.0 1.0 1.0 1.0 1.0 1.0 1.0 1.0 1.0 1.0 1.0 1.0 1.0 1.0 1.0 1.0 1.0 1.0 1.0 1.0 1.0 1.0 1.0 1.0 
[RD,T5REFR_AC_HFC143aIPPU,REFR_AC_HFC143a,*,*]:
2018 2019 2020 2021 2022 2023 2024 2025 2026 2027 2028 2029 2030 2031 2032 2033 2034 2035 2036 2037 2038 2039 2040 2041 2042 2043 2044 2045 2046 2047 2048 2049 2050 :=
1 1.0 1.0 1.0 1.0 1.0 1.0 1.0 1.0 1.0 1.0 1.0 1.0 1.0 1.0 1.0 1.0 1.0 1.0 1.0 1.0 1.0 1.0 1.0 1.0 1.0 1.0 1.0 1.0 1.0 1.0 1.0 1.0 1.0 
[RD,T5CARBIDE_PRODIPPU,CARBIDE_PROD,*,*]:
2018 2019 2020 2021 2022 2023 2024 2025 2026 2027 2028 2029 2030 2031 2032 2033 2034 2035 2036 2037 2038 2039 2040 2041 2042 2043 2044 2045 2046 2047 2048 2049 2050 :=
1 1.0 1.0 1.0 1.0 1.0 1.0 1.0 1.0 1.0 1.0 1.0 1.0 1.0 1.0 1.0 1.0 1.0 1.0 1.0 1.0 1.0 1.0 1.0 1.0 1.0 1.0 1.0 1.0 1.0 1.0 1.0 1.0 1.0 
[RD,T5PU_N2OIPPU,PU_N2O,*,*]:
2018 2019 2020 2021 2022 2023 2024 2025 2026 2027 2028 2029 2030 2031 2032 2033 2034 2035 2036 2037 2038 2039 2040 2041 2042 2043 2044 2045 2046 2047 2048 2049 2050 :=
1 1.0 1.0 1.0 1.0 1.0 1.0 1.0 1.0 1.0 1.0 1.0 1.0 1.0 1.0 1.0 1.0 1.0 1.0 1.0 1.0 1.0 1.0 1.0 1.0 1.0 1.0 1.0 1.0 1.0 1.0 1.0 1.0 1.0 
[RD,T5LIME_PRODIPPU,LIME_PROD,*,*]:
2018 2019 2020 2021 2022 2023 2024 2025 2026 2027 2028 2029 2030 2031 2032 2033 2034 2035 2036 2037 2038 2039 2040 2041 2042 2043 2044 2045 2046 2047 2048 2049 2050 :=
1 1.0 1.0 1.0 1.0 1.0 1.0 1.0 1.0 1.0 1.0 1.0 1.0 1.0 1.0 1.0 1.0 1.0 1.0 1.0 1.0 1.0 1.0 1.0 1.0 1.0 1.0 1.0 1.0 1.0 1.0 1.0 1.0 1.0 
;

param OperationalLife default 1 :
RAW_MAT_CLK RAW_MAT_CEM IMP_STOR LIME_PROD CARBONATE CARBIDE_PROD PROD_FERRO PROD_CINC LUBRI_OILS PARAFFIN PU_N2O REFR_AC_HFC32 REFR_AC_HFC125 REFR_AC_HFC134a REFR_AC_HFC143a PROD_CLK_TRAD PROD_CEM T5CEM_PRODIND T5LIME_PRODIPPU T5CARBONATEIPPU T5CARBIDE_PRODIPPU T5PROD_FERROIPPU T5PROD_CINCIPPU T5LUBRI_OILSIPPU T5PARAFFINIPPU T5PU_N2OIPPU T5REFR_AC_HFC32IPPU T5REFR_AC_HFC125IPPU T5REFR_AC_HFC134aIPPU T5REFR_AC_HFC143aIPPU :=
RD 1 1 1 1 1 1 1 1 1 1 1 1 1 1 1 1 1 1 1 1 1 1 1 1 1 1 1 1 1 1 
;

param OutputActivityRatio default 0 :=
[RD,T5PU_N2OIPPU,E5IPPUPU_N2O,*,*]:
2018 2019 2020 2021 2022 2023 2024 2025 2026 2027 2028 2029 2030 2031 2032 2033 2034 2035 2036 2037 2038 2039 2040 2041 2042 2043 2044 2045 2046 2047 2048 2049 2050 :=
1 1.0 1.0 1.0 1.0 1.0 1.0 1.0 1.0 1.0 1.0 1.0 1.0 1.0 1.0 1.0 1.0 1.0 1.0 1.0 1.0 1.0 1.0 1.0 1.0 1.0 1.0 1.0 1.0 1.0 1.0 1.0 1.0 1.0 
[RD,REFR_AC_HFC143a,REFR_AC_HFC143a,*,*]:
2018 2019 2020 2021 2022 2023 2024 2025 2026 2027 2028 2029 2030 2031 2032 2033 2034 2035 2036 2037 2038 2039 2040 2041 2042 2043 2044 2045 2046 2047 2048 2049 2050 :=
1 1 1.0 1.0 1.0 1.0 1.0 1.0 1.0 1.0 1.0 1.0 1.0 1.0 1.0 1.0 1.0 1.0 1.0 1.0 1.0 1.0 1.0 1.0 1.0 1.0 1.0 1.0 1.0 1.0 1.0 1.0 1.0 1.0 
[RD,T5REFR_AC_HFC134aIPPU,E5IPPUREFR_AC_HFC134a,*,*]:
2018 2019 2020 2021 2022 2023 2024 2025 2026 2027 2028 2029 2030 2031 2032 2033 2034 2035 2036 2037 2038 2039 2040 2041 2042 2043 2044 2045 2046 2047 2048 2049 2050 :=
1 1.0 1.0 1.0 1.0 1.0 1.0 1.0 1.0 1.0 1.0 1.0 1.0 1.0 1.0 1.0 1.0 1.0 1.0 1.0 1.0 1.0 1.0 1.0 1.0 1.0 1.0 1.0 1.0 1.0 1.0 1.0 1.0 1.0 
[RD,REFR_AC_HFC32,REFR_AC_HFC32,*,*]:
2018 2019 2020 2021 2022 2023 2024 2025 2026 2027 2028 2029 2030 2031 2032 2033 2034 2035 2036 2037 2038 2039 2040 2041 2042 2043 2044 2045 2046 2047 2048 2049 2050 :=
1 1 1.0 1.0 1.0 1.0 1.0 1.0 1.0 1.0 1.0 1.0 1.0 1.0 1.0 1.0 1.0 1.0 1.0 1.0 1.0 1.0 1.0 1.0 1.0 1.0 1.0 1.0 1.0 1.0 1.0 1.0 1.0 1.0 
[RD,PU_N2O,PU_N2O,*,*]:
2018 2019 2020 2021 2022 2023 2024 2025 2026 2027 2028 2029 2030 2031 2032 2033 2034 2035 2036 2037 2038 2039 2040 2041 2042 2043 2044 2045 2046 2047 2048 2049 2050 :=
1 1 1.0 1.0 1.0 1.0 1.0 1.0 1.0 1.0 1.0 1.0 1.0 1.0 1.0 1.0 1.0 1.0 1.0 1.0 1.0 1.0 1.0 1.0 1.0 1.0 1.0 1.0 1.0 1.0 1.0 1.0 1.0 1.0 
[RD,T5REFR_AC_HFC143aIPPU,E5IPPUREFR_AC_HFC143a,*,*]:
2018 2019 2020 2021 2022 2023 2024 2025 2026 2027 2028 2029 2030 2031 2032 2033 2034 2035 2036 2037 2038 2039 2040 2041 2042 2043 2044 2045 2046 2047 2048 2049 2050 :=
1 1.0 1.0 1.0 1.0 1.0 1.0 1.0 1.0 1.0 1.0 1.0 1.0 1.0 1.0 1.0 1.0 1.0 1.0 1.0 1.0 1.0 1.0 1.0 1.0 1.0 1.0 1.0 1.0 1.0 1.0 1.0 1.0 1.0 
[RD,RAW_MAT_CEM,RAW_MAT_CEM,*,*]:
2018 2019 2020 2021 2022 2023 2024 2025 2026 2027 2028 2029 2030 2031 2032 2033 2034 2035 2036 2037 2038 2039 2040 2041 2042 2043 2044 2045 2046 2047 2048 2049 2050 :=
1 1 1.0 1.0 1.0 1.0 1.0 1.0 1.0 1.0 1.0 1.0 1.0 1.0 1.0 1.0 1.0 1.0 1.0 1.0 1.0 1.0 1.0 1.0 1.0 1.0 1.0 1.0 1.0 1.0 1.0 1.0 1.0 1.0 
[RD,PROD_CLK_TRAD,CLK_PROD,*,*]:
2018 2019 2020 2021 2022 2023 2024 2025 2026 2027 2028 2029 2030 2031 2032 2033 2034 2035 2036 2037 2038 2039 2040 2041 2042 2043 2044 2045 2046 2047 2048 2049 2050 :=
1 1.0 1.0 1.0 1.0 1.0 1.0 1.0 1.0 1.0 1.0 1.0 1.0 1.0 1.0 1.0 1.0 1.0 1.0 1.0 1.0 1.0 1.0 1.0 1.0 1.0 1.0 1.0 1.0 1.0 1.0 1.0 1.0 1.0 
[RD,T5LIME_PRODIPPU,E5IPPULIME_PROD,*,*]:
2018 2019 2020 2021 2022 2023 2024 2025 2026 2027 2028 2029 2030 2031 2032 2033 2034 2035 2036 2037 2038 2039 2040 2041 2042 2043 2044 2045 2046 2047 2048 2049 2050 :=
1 1.0 1.0 1.0 1.0 1.0 1.0 1.0 1.0 1.0 1.0 1.0 1.0 1.0 1.0 1.0 1.0 1.0 1.0 1.0 1.0 1.0 1.0 1.0 1.0 1.0 1.0 1.0 1.0 1.0 1.0 1.0 1.0 1.0 
[RD,T5REFR_AC_HFC32IPPU,E5IPPUREFR_AC_HFC32,*,*]:
2018 2019 2020 2021 2022 2023 2024 2025 2026 2027 2028 2029 2030 2031 2032 2033 2034 2035 2036 2037 2038 2039 2040 2041 2042 2043 2044 2045 2046 2047 2048 2049 2050 :=
1 1.0 1.0 1.0 1.0 1.0 1.0 1.0 1.0 1.0 1.0 1.0 1.0 1.0 1.0 1.0 1.0 1.0 1.0 1.0 1.0 1.0 1.0 1.0 1.0 1.0 1.0 1.0 1.0 1.0 1.0 1.0 1.0 1.0 
[RD,PROD_FERRO,PROD_FERRO,*,*]:
2018 2019 2020 2021 2022 2023 2024 2025 2026 2027 2028 2029 2030 2031 2032 2033 2034 2035 2036 2037 2038 2039 2040 2041 2042 2043 2044 2045 2046 2047 2048 2049 2050 :=
1 1 1.0 1.0 1.0 1.0 1.0 1.0 1.0 1.0 1.0 1.0 1.0 1.0 1.0 1.0 1.0 1.0 1.0 1.0 1.0 1.0 1.0 1.0 1.0 1.0 1.0 1.0 1.0 1.0 1.0 1.0 1.0 1.0 
[RD,LIME_PROD,LIME_PROD,*,*]:
2018 2019 2020 2021 2022 2023 2024 2025 2026 2027 2028 2029 2030 2031 2032 2033 2034 2035 2036 2037 2038 2039 2040 2041 2042 2043 2044 2045 2046 2047 2048 2049 2050 :=
1 1 1.0 1.0 1.0 1.0 1.0 1.0 1.0 1.0 1.0 1.0 1.0 1.0 1.0 1.0 1.0 1.0 1.0 1.0 1.0 1.0 1.0 1.0 1.0 1.0 1.0 1.0 1.0 1.0 1.0 1.0 1.0 1.0 
[RD,T5PROD_FERROIPPU,E5IPPUPROD_FERRO,*,*]:
2018 2019 2020 2021 2022 2023 2024 2025 2026 2027 2028 2029 2030 2031 2032 2033 2034 2035 2036 2037 2038 2039 2040 2041 2042 2043 2044 2045 2046 2047 2048 2049 2050 :=
1 1.0 1.0 1.0 1.0 1.0 1.0 1.0 1.0 1.0 1.0 1.0 1.0 1.0 1.0 1.0 1.0 1.0 1.0 1.0 1.0 1.0 1.0 1.0 1.0 1.0 1.0 1.0 1.0 1.0 1.0 1.0 1.0 1.0 
[RD,PROD_CEM,CEM_PROD,*,*]:
2018 2019 2020 2021 2022 2023 2024 2025 2026 2027 2028 2029 2030 2031 2032 2033 2034 2035 2036 2037 2038 2039 2040 2041 2042 2043 2044 2045 2046 2047 2048 2049 2050 :=
1 1.0 1.0 1.0 1.0 1.0 1.0 1.0 1.0 1.0 1.0 1.0 1.0 1.0 1.0 1.0 1.0 1.0 1.0 1.0 1.0 1.0 1.0 1.0 1.0 1.0 1.0 1.0 1.0 1.0 1.0 1.0 1.0 1.0 
[RD,PROD_CINC,PROD_CINC,*,*]:
2018 2019 2020 2021 2022 2023 2024 2025 2026 2027 2028 2029 2030 2031 2032 2033 2034 2035 2036 2037 2038 2039 2040 2041 2042 2043 2044 2045 2046 2047 2048 2049 2050 :=
1 1 1.0 1.0 1.0 1.0 1.0 1.0 1.0 1.0 1.0 1.0 1.0 1.0 1.0 1.0 1.0 1.0 1.0 1.0 1.0 1.0 1.0 1.0 1.0 1.0 1.0 1.0 1.0 1.0 1.0 1.0 1.0 1.0 
[RD,CARBONATE,CARBONATE,*,*]:
2018 2019 2020 2021 2022 2023 2024 2025 2026 2027 2028 2029 2030 2031 2032 2033 2034 2035 2036 2037 2038 2039 2040 2041 2042 2043 2044 2045 2046 2047 2048 2049 2050 :=
1 1 1.0 1.0 1.0 1.0 1.0 1.0 1.0 1.0 1.0 1.0 1.0 1.0 1.0 1.0 1.0 1.0 1.0 1.0 1.0 1.0 1.0 1.0 1.0 1.0 1.0 1.0 1.0 1.0 1.0 1.0 1.0 1.0 
[RD,PARAFFIN,PARAFFIN,*,*]:
2018 2019 2020 2021 2022 2023 2024 2025 2026 2027 2028 2029 2030 2031 2032 2033 2034 2035 2036 2037 2038 2039 2040 2041 2042 2043 2044 2045 2046 2047 2048 2049 2050 :=
1 1 1.0 1.0 1.0 1.0 1.0 1.0 1.0 1.0 1.0 1.0 1.0 1.0 1.0 1.0 1.0 1.0 1.0 1.0 1.0 1.0 1.0 1.0 1.0 1.0 1.0 1.0 1.0 1.0 1.0 1.0 1.0 1.0 
[RD,REFR_AC_HFC125,REFR_AC_HFC125,*,*]:
2018 2019 2020 2021 2022 2023 2024 2025 2026 2027 2028 2029 2030 2031 2032 2033 2034 2035 2036 2037 2038 2039 2040 2041 2042 2043 2044 2045 2046 2047 2048 2049 2050 :=
1 1 1.0 1.0 1.0 1.0 1.0 1.0 1.0 1.0 1.0 1.0 1.0 1.0 1.0 1.0 1.0 1.0 1.0 1.0 1.0 1.0 1.0 1.0 1.0 1.0 1.0 1.0 1.0 1.0 1.0 1.0 1.0 1.0 
[RD,T5CARBIDE_PRODIPPU,E5IPPUCARBIDE_PROD,*,*]:
2018 2019 2020 2021 2022 2023 2024 2025 2026 2027 2028 2029 2030 2031 2032 2033 2034 2035 2036 2037 2038 2039 2040 2041 2042 2043 2044 2045 2046 2047 2048 2049 2050 :=
1 1.0 1.0 1.0 1.0 1.0 1.0 1.0 1.0 1.0 1.0 1.0 1.0 1.0 1.0 1.0 1.0 1.0 1.0 1.0 1.0 1.0 1.0 1.0 1.0 1.0 1.0 1.0 1.0 1.0 1.0 1.0 1.0 1.0 
[RD,T5CEM_PRODIND,E5INDCEM_PROD,*,*]:
2018 2019 2020 2021 2022 2023 2024 2025 2026 2027 2028 2029 2030 2031 2032 2033 2034 2035 2036 2037 2038 2039 2040 2041 2042 2043 2044 2045 2046 2047 2048 2049 2050 :=
1 1.0 1.0 1.0 1.0 1.0 1.0 1.0 1.0 1.0 1.0 1.0 1.0 1.0 1.0 1.0 1.0 1.0 1.0 1.0 1.0 1.0 1.0 1.0 1.0 1.0 1.0 1.0 1.0 1.0 1.0 1.0 1.0 1.0 
[RD,LUBRI_OILS,LUBRI_OILS,*,*]:
2018 2019 2020 2021 2022 2023 2024 2025 2026 2027 2028 2029 2030 2031 2032 2033 2034 2035 2036 2037 2038 2039 2040 2041 2042 2043 2044 2045 2046 2047 2048 2049 2050 :=
1 1 1.0 1.0 1.0 1.0 1.0 1.0 1.0 1.0 1.0 1.0 1.0 1.0 1.0 1.0 1.0 1.0 1.0 1.0 1.0 1.0 1.0 1.0 1.0 1.0 1.0 1.0 1.0 1.0 1.0 1.0 1.0 1.0 
[RD,T5PARAFFINIPPU,E5IPPUPARAFFIN,*,*]:
2018 2019 2020 2021 2022 2023 2024 2025 2026 2027 2028 2029 2030 2031 2032 2033 2034 2035 2036 2037 2038 2039 2040 2041 2042 2043 2044 2045 2046 2047 2048 2049 2050 :=
1 1.0 1.0 1.0 1.0 1.0 1.0 1.0 1.0 1.0 1.0 1.0 1.0 1.0 1.0 1.0 1.0 1.0 1.0 1.0 1.0 1.0 1.0 1.0 1.0 1.0 1.0 1.0 1.0 1.0 1.0 1.0 1.0 1.0 
[RD,T5CARBONATEIPPU,E5IPPUCARBONATE,*,*]:
2018 2019 2020 2021 2022 2023 2024 2025 2026 2027 2028 2029 2030 2031 2032 2033 2034 2035 2036 2037 2038 2039 2040 2041 2042 2043 2044 2045 2046 2047 2048 2049 2050 :=
1 1.0 1.0 1.0 1.0 1.0 1.0 1.0 1.0 1.0 1.0 1.0 1.0 1.0 1.0 1.0 1.0 1.0 1.0 1.0 1.0 1.0 1.0 1.0 1.0 1.0 1.0 1.0 1.0 1.0 1.0 1.0 1.0 1.0 
[RD,IMP_STOR,CLK_PROD,*,*]:
2018 2019 2020 2021 2022 2023 2024 2025 2026 2027 2028 2029 2030 2031 2032 2033 2034 2035 2036 2037 2038 2039 2040 2041 2042 2043 2044 2045 2046 2047 2048 2049 2050 :=
1 1 1.0 1.0 1.0 1.0 1.0 1.0 1.0 1.0 1.0 1.0 1.0 1.0 1.0 1.0 1.0 1.0 1.0 1.0 1.0 1.0 1.0 1.0 1.0 1.0 1.0 1.0 1.0 1.0 1.0 1.0 1.0 1.0 
[RD,RAW_MAT_CLK,RAW_MAT_CLK,*,*]:
2018 2019 2020 2021 2022 2023 2024 2025 2026 2027 2028 2029 2030 2031 2032 2033 2034 2035 2036 2037 2038 2039 2040 2041 2042 2043 2044 2045 2046 2047 2048 2049 2050 :=
1 1 1.0 1.0 1.0 1.0 1.0 1.0 1.0 1.0 1.0 1.0 1.0 1.0 1.0 1.0 1.0 1.0 1.0 1.0 1.0 1.0 1.0 1.0 1.0 1.0 1.0 1.0 1.0 1.0 1.0 1.0 1.0 1.0 
[RD,T5PROD_CINCIPPU,E5IPPUPROD_CINC,*,*]:
2018 2019 2020 2021 2022 2023 2024 2025 2026 2027 2028 2029 2030 2031 2032 2033 2034 2035 2036 2037 2038 2039 2040 2041 2042 2043 2044 2045 2046 2047 2048 2049 2050 :=
1 1.0 1.0 1.0 1.0 1.0 1.0 1.0 1.0 1.0 1.0 1.0 1.0 1.0 1.0 1.0 1.0 1.0 1.0 1.0 1.0 1.0 1.0 1.0 1.0 1.0 1.0 1.0 1.0 1.0 1.0 1.0 1.0 1.0 
[RD,CARBIDE_PROD,CARBIDE_PROD,*,*]:
2018 2019 2020 2021 2022 2023 2024 2025 2026 2027 2028 2029 2030 2031 2032 2033 2034 2035 2036 2037 2038 2039 2040 2041 2042 2043 2044 2045 2046 2047 2048 2049 2050 :=
1 1 1.0 1.0 1.0 1.0 1.0 1.0 1.0 1.0 1.0 1.0 1.0 1.0 1.0 1.0 1.0 1.0 1.0 1.0 1.0 1.0 1.0 1.0 1.0 1.0 1.0 1.0 1.0 1.0 1.0 1.0 1.0 1.0 
[RD,T5LUBRI_OILSIPPU,E5IPPULUBRI_OILS,*,*]:
2018 2019 2020 2021 2022 2023 2024 2025 2026 2027 2028 2029 2030 2031 2032 2033 2034 2035 2036 2037 2038 2039 2040 2041 2042 2043 2044 2045 2046 2047 2048 2049 2050 :=
1 1.0 1.0 1.0 1.0 1.0 1.0 1.0 1.0 1.0 1.0 1.0 1.0 1.0 1.0 1.0 1.0 1.0 1.0 1.0 1.0 1.0 1.0 1.0 1.0 1.0 1.0 1.0 1.0 1.0 1.0 1.0 1.0 1.0 
[RD,REFR_AC_HFC134a,REFR_AC_HFC134a,*,*]:
2018 2019 2020 2021 2022 2023 2024 2025 2026 2027 2028 2029 2030 2031 2032 2033 2034 2035 2036 2037 2038 2039 2040 2041 2042 2043 2044 2045 2046 2047 2048 2049 2050 :=
1 1 1.0 1.0 1.0 1.0 1.0 1.0 1.0 1.0 1.0 1.0 1.0 1.0 1.0 1.0 1.0 1.0 1.0 1.0 1.0 1.0 1.0 1.0 1.0 1.0 1.0 1.0 1.0 1.0 1.0 1.0 1.0 1.0 
[RD,T5REFR_AC_HFC125IPPU,E5IPPUREFR_AC_HFC125,*,*]:
2018 2019 2020 2021 2022 2023 2024 2025 2026 2027 2028 2029 2030 2031 2032 2033 2034 2035 2036 2037 2038 2039 2040 2041 2042 2043 2044 2045 2046 2047 2048 2049 2050 :=
1 1.0 1.0 1.0 1.0 1.0 1.0 1.0 1.0 1.0 1.0 1.0 1.0 1.0 1.0 1.0 1.0 1.0 1.0 1.0 1.0 1.0 1.0 1.0 1.0 1.0 1.0 1.0 1.0 1.0 1.0 1.0 1.0 1.0 
;

param ResidualCapacity default 0 :=
[RD,*,*]:
2018 2019 2020 2021 2022 2023 2024 2025 2026 2027 2028 2029 2030 2031 2032 2033 2034 2035 2036 2037 2038 2039 2040 2041 2042 2043 2044 2045 2046 2047 2048 2049 2050 :=
PROD_CLK_TRAD 0.0 0.0 0.0 0.0 0.0 0.0 0.0 0.0 0.0 0.0 0.0 0.0 0.0 0.0 0.0 0.0 0.0 0.0 0.0 0.0 0.0 0.0 0.0 0.0 0.0 0.0 0.0 0.0 0.0 0.0 0.0 0.0 0.0 
PROD_CEM 0.0 0.0 0.0 0.0 0.0 0.0 0.0 0.0 0.0 0.0 0.0 0.0 0.0 0.0 0.0 0.0 0.0 0.0 0.0 0.0 0.0 0.0 0.0 0.0 0.0 0.0 0.0 0.0 0.0 0.0 0.0 0.0 0.0 
;

param SpecifiedAnnualDemand default 0 :=
[RD,*,*]:
2018 2019 2020 2021 2022 2023 2024 2025 2026 2027 2028 2029 2030 2031 2032 2033 2034 2035 2036 2037 2038 2039 2040 2041 2042 2043 2044 2045 2046 2047 2048 2049 2050 :=
E5INDCEM_PROD 5.4296 5.6442 5.169 6.5624 6.5347 6.6716 6.9195 7.1687 7.4047 7.6449 7.9001 8.1464 8.3923 8.6156 8.8437 9.0764 9.314 9.5564 9.7614 9.9699 10.1818 10.3973 10.6164 10.7947 10.9754 11.1585 11.3439 11.5318 11.678 11.8256 11.9746 12.1252 12.2772 
E5IPPULIME_PROD 0.4466 0.4216 0.4851 0.5547 0.5264 0.5374 0.5574 0.5775 0.5965 0.6158 0.6364 0.6563 0.6761 0.694 0.7124 0.7312 0.7503 0.7698 0.7864 0.8031 0.8202 0.8376 0.8552 0.8696 0.8841 0.8989 0.9138 0.929 0.9407 0.9526 0.9646 0.9768 0.989 
E5IPPUCARBONATE 0.0079 0.0062 0.0078 0.0096 0.0106 0.0106 0.0109 0.0112 0.0115 0.0118 0.0121 0.0124 0.0127 0.013 0.0133 0.0136 0.0139 0.0142 0.0144 0.0146 0.0148 0.015 0.0152 0.0154 0.0156 0.0158 0.016 0.0162 0.0164 0.0166 0.0168 0.017 0.0172 
E5IPPUCARBIDE_PROD 0.3796 0.4179 0.4058 0.2937 0.551 0.5494 0.5647 0.58 0.5944 0.6089 0.6242 0.6388 0.6533 0.6664 0.6797 0.6932 0.7068 0.7206 0.7322 0.744 0.7559 0.7679 0.7801 0.79 0.7999 0.8099 0.82 0.8302 0.8381 0.8461 0.8541 0.8622 0.8703 
E5IPPUPROD_FERRO 0.0537 0.0592 0.0759 0.0789 0.0787 0.0803 0.0833 0.0863 0.0891 0.092 0.0951 0.0981 0.101 0.1037 0.1065 0.1093 0.1121 0.115 0.1175 0.12 0.1226 0.1252 0.1278 0.1299 0.1321 0.1343 0.1366 0.1388 0.1406 0.1424 0.1442 0.146 0.1478 
E5IPPUPROD_CINC 0.004 0.0055 0.0024 0.0049 0.0055 0.0056 0.0058 0.006 0.0062 0.0064 0.0066 0.0068 0.007 0.0072 0.0074 0.0076 0.0078 0.008 0.0082 0.0084 0.0085 0.0087 0.0089 0.0091 0.0092 0.0094 0.0095 0.0097 0.0098 0.0099 0.0101 0.0102 0.0103 
E5IPPULUBRI_OILS 0.043 0.044 0.037 0.043 0.052 0.0518 0.0532 0.0546 0.056 0.0574 0.0588 0.0602 0.0616 0.0628 0.0641 0.0654 0.0667 0.068 0.0691 0.0702 0.0713 0.0724 0.0735 0.0744 0.0753 0.0762 0.0772 0.0782 0.0789 0.0797 0.0805 0.0813 0.0821 
E5IPPUPARAFFIN 0.017 0.0164 0.0074 0.015 0.0122 0.0121 0.0125 0.0128 0.0131 0.0134 0.0138 0.0141 0.0144 0.0147 0.015 0.0153 0.0156 0.0159 0.0162 0.0164 0.0167 0.017 0.0172 0.0174 0.0177 0.0179 0.0181 0.0183 0.0185 0.0187 0.0189 0.019 0.0192 
E5IPPUPU_N2O 0.0 0.0 0.0 0.0 0.0 0.0 0.0 0.0 0.0 0.0 0.0 0.0 0.0 0.0 0.0 0.0 0.0 0.0 0.0 0.0 0.0 0.0 0.0 0.0 0.0 0.0 0.0 0.0 0.0 0.0 0.0 0.0 0.0 
E5IPPUREFR_AC_HFC32 0.0462 0.0579 0.0696 0.0708 0.0879 0.0905 0.0933 0.0961 0.0989 0.1019 0.105 0.1081 0.1113 0.1147 0.1181 0.1217 0.1253 0.1291 0.133 0.1369 0.1411 0.1453 0.1496 0.1541 0.1588 0.1635 0.1684 0.1735 0.1787 0.184 0.1896 0.1953 0.2011 
E5IPPUREFR_AC_HFC125 0.4657 0.555 0.6443 0.6443 0.723 0.7447 0.767 0.79 0.8137 0.8382 0.8633 0.8892 0.9159 0.9434 0.9717 1.0008 1.0308 1.0617 1.0936 1.1264 1.1602 1.195 1.2309 1.2678 1.3058 1.345 1.3853 1.4269 1.4697 1.5138 1.5592 1.606 1.6542 
E5IPPUREFR_AC_HFC134a 0.7757 0.8357 0.8957 0.9473 1.0229 1.0536 1.0852 1.1178 1.1513 1.1858 1.2214 1.258 1.2958 1.3347 1.3747 1.4159 1.4584 1.5022 1.5472 1.5936 1.6415 1.6907 1.7414 1.7937 1.8475 1.9029 1.96 2.0188 2.0793 2.1417 2.206 2.2722 2.3403 
E5IPPUREFR_AC_HFC143a 0.384 0.4552 0.5263 0.5263 0.5263 0.5421 0.5584 0.5751 0.5924 0.6101 0.6284 0.6473 0.6667 0.6867 0.7073 0.7285 0.7504 0.7729 0.7961 0.82 0.8446 0.8699 0.896 0.9229 0.9506 0.9791 1.0084 1.0387 1.0699 1.102 1.135 1.1691 1.2041 
;

param SpecifiedDemandProfile default 0 :=
[RD,E5IPPUPU_N2O,*,*]:
2018 2019 2020 2021 2022 2023 2024 2025 2026 2027 2028 2029 2030 2031 2032 2033 2034 2035 2036 2037 2038 2039 2040 2041 2042 2043 2044 2045 2046 2047 2048 2049 2050 :=
All 1 1 1 1 1 1 1 1 1 1 1 1 1 1 1 1 1 1 1 1 1 1 1 1 1 1 1 1 1 1 1 1 1 
[RD,E5IPPUCARBIDE_PROD,*,*]:
2018 2019 2020 2021 2022 2023 2024 2025 2026 2027 2028 2029 2030 2031 2032 2033 2034 2035 2036 2037 2038 2039 2040 2041 2042 2043 2044 2045 2046 2047 2048 2049 2050 :=
All 1 1 1 1 1 1 1 1 1 1 1 1 1 1 1 1 1 1 1 1 1 1 1 1 1 1 1 1 1 1 1 1 1 
[RD,E5IPPULIME_PROD,*,*]:
2018 2019 2020 2021 2022 2023 2024 2025 2026 2027 2028 2029 2030 2031 2032 2033 2034 2035 2036 2037 2038 2039 2040 2041 2042 2043 2044 2045 2046 2047 2048 2049 2050 :=
All 1 1 1 1 1 1 1 1 1 1 1 1 1 1 1 1 1 1 1 1 1 1 1 1 1 1 1 1 1 1 1 1 1 
[RD,E5IPPUPROD_CINC,*,*]:
2018 2019 2020 2021 2022 2023 2024 2025 2026 2027 2028 2029 2030 2031 2032 2033 2034 2035 2036 2037 2038 2039 2040 2041 2042 2043 2044 2045 2046 2047 2048 2049 2050 :=
All 1 1 1 1 1 1 1 1 1 1 1 1 1 1 1 1 1 1 1 1 1 1 1 1 1 1 1 1 1 1 1 1 1 
[RD,E5IPPUREFR_AC_HFC32,*,*]:
2018 2019 2020 2021 2022 2023 2024 2025 2026 2027 2028 2029 2030 2031 2032 2033 2034 2035 2036 2037 2038 2039 2040 2041 2042 2043 2044 2045 2046 2047 2048 2049 2050 :=
All 1 1 1 1 1 1 1 1 1 1 1 1 1 1 1 1 1 1 1 1 1 1 1 1 1 1 1 1 1 1 1 1 1 
[RD,E5INDCEM_PROD,*,*]:
2018 2019 2020 2021 2022 2023 2024 2025 2026 2027 2028 2029 2030 2031 2032 2033 2034 2035 2036 2037 2038 2039 2040 2041 2042 2043 2044 2045 2046 2047 2048 2049 2050 :=
All 1 1 1 1 1 1 1 1 1 1 1 1 1 1 1 1 1 1 1 1 1 1 1 1 1 1 1 1 1 1 1 1 1 
[RD,E5IPPUREFR_AC_HFC125,*,*]:
2018 2019 2020 2021 2022 2023 2024 2025 2026 2027 2028 2029 2030 2031 2032 2033 2034 2035 2036 2037 2038 2039 2040 2041 2042 2043 2044 2045 2046 2047 2048 2049 2050 :=
All 1 1 1 1 1 1 1 1 1 1 1 1 1 1 1 1 1 1 1 1 1 1 1 1 1 1 1 1 1 1 1 1 1 
[RD,E5IPPUPROD_FERRO,*,*]:
2018 2019 2020 2021 2022 2023 2024 2025 2026 2027 2028 2029 2030 2031 2032 2033 2034 2035 2036 2037 2038 2039 2040 2041 2042 2043 2044 2045 2046 2047 2048 2049 2050 :=
All 1 1 1 1 1 1 1 1 1 1 1 1 1 1 1 1 1 1 1 1 1 1 1 1 1 1 1 1 1 1 1 1 1 
[RD,E5IPPUPARAFFIN,*,*]:
2018 2019 2020 2021 2022 2023 2024 2025 2026 2027 2028 2029 2030 2031 2032 2033 2034 2035 2036 2037 2038 2039 2040 2041 2042 2043 2044 2045 2046 2047 2048 2049 2050 :=
All 1 1 1 1 1 1 1 1 1 1 1 1 1 1 1 1 1 1 1 1 1 1 1 1 1 1 1 1 1 1 1 1 1 
[RD,E5IPPUREFR_AC_HFC143a,*,*]:
2018 2019 2020 2021 2022 2023 2024 2025 2026 2027 2028 2029 2030 2031 2032 2033 2034 2035 2036 2037 2038 2039 2040 2041 2042 2043 2044 2045 2046 2047 2048 2049 2050 :=
All 1 1 1 1 1 1 1 1 1 1 1 1 1 1 1 1 1 1 1 1 1 1 1 1 1 1 1 1 1 1 1 1 1 
[RD,E5IPPUREFR_AC_HFC134a,*,*]:
2018 2019 2020 2021 2022 2023 2024 2025 2026 2027 2028 2029 2030 2031 2032 2033 2034 2035 2036 2037 2038 2039 2040 2041 2042 2043 2044 2045 2046 2047 2048 2049 2050 :=
All 1 1 1 1 1 1 1 1 1 1 1 1 1 1 1 1 1 1 1 1 1 1 1 1 1 1 1 1 1 1 1 1 1 
[RD,E5IPPUCARBONATE,*,*]:
2018 2019 2020 2021 2022 2023 2024 2025 2026 2027 2028 2029 2030 2031 2032 2033 2034 2035 2036 2037 2038 2039 2040 2041 2042 2043 2044 2045 2046 2047 2048 2049 2050 :=
All 1 1 1 1 1 1 1 1 1 1 1 1 1 1 1 1 1 1 1 1 1 1 1 1 1 1 1 1 1 1 1 1 1 
[RD,E5IPPULUBRI_OILS,*,*]:
2018 2019 2020 2021 2022 2023 2024 2025 2026 2027 2028 2029 2030 2031 2032 2033 2034 2035 2036 2037 2038 2039 2040 2041 2042 2043 2044 2045 2046 2047 2048 2049 2050 :=
All 1 1 1 1 1 1 1 1 1 1 1 1 1 1 1 1 1 1 1 1 1 1 1 1 1 1 1 1 1 1 1 1 1 
;

param TotalTechnologyAnnualActivityLowerLimit default 0 :=
[RD,*,*]:
2018 2019 2020 2021 2022 2023 2024 2025 2026 2027 2028 2029 2030 2031 2032 2033 2034 2035 2036 2037 2038 2039 2040 2041 2042 2043 2044 2045 2046 2047 2048 2049 2050 :=
LIME_PROD 0.4466 0.4216 0.4851 0.5547 0.5264 0.5374 0.5574 0.5775 0.5965 0.6158 0.6364 0.6563 0.6761 0.694 0.7124 0.7312 0.7503 0.7698 0.7864 0.8031 0.8202 0.8376 0.8552 0.8696 0.8841 0.8989 0.9138 0.929 0.9407 0.9526 0.9646 0.9768 0.989 
CARBONATE 0.0079 0.0062 0.0078 0.0096 0.0106 0.0106 0.0109 0.0112 0.0115 0.0118 0.0121 0.0124 0.0127 0.013 0.0133 0.0136 0.0139 0.0142 0.0144 0.0146 0.0148 0.015 0.0152 0.0154 0.0156 0.0158 0.016 0.0162 0.0164 0.0166 0.0168 0.017 0.0172 
CARBIDE_PROD 0.3796 0.4179 0.4058 0.2937 0.551 0.5494 0.5647 0.58 0.5944 0.6089 0.6242 0.6388 0.6533 0.6664 0.6797 0.6932 0.7068 0.7206 0.7322 0.744 0.7559 0.7679 0.7801 0.79 0.7999 0.8099 0.82 0.8302 0.8381 0.8461 0.8541 0.8622 0.8703 
PROD_FERRO 0.0537 0.0592 0.0759 0.0789 0.0787 0.0803 0.0833 0.0863 0.0891 0.092 0.0951 0.0981 0.101 0.1037 0.1065 0.1093 0.1121 0.115 0.1175 0.12 0.1226 0.1252 0.1278 0.1299 0.1321 0.1343 0.1366 0.1388 0.1406 0.1424 0.1442 0.146 0.1478 
PROD_CINC 0.004 0.0055 0.0024 0.0049 0.0055 0.0056 0.0058 0.006 0.0062 0.0064 0.0066 0.0068 0.007 0.0072 0.0074 0.0076 0.0078 0.008 0.0082 0.0084 0.0085 0.0087 0.0089 0.0091 0.0092 0.0094 0.0095 0.0097 0.0098 0.0099 0.0101 0.0102 0.0103 
LUBRI_OILS 0.043 0.044 0.037 0.043 0.052 0.0518 0.0532 0.0546 0.056 0.0574 0.0588 0.0602 0.0616 0.0628 0.0641 0.0654 0.0667 0.068 0.0691 0.0702 0.0713 0.0724 0.0735 0.0744 0.0753 0.0762 0.0772 0.0782 0.0789 0.0797 0.0805 0.0813 0.0821 
PARAFFIN 0.017 0.0164 0.0074 0.015 0.0122 0.0121 0.0125 0.0128 0.0131 0.0134 0.0138 0.0141 0.0144 0.0147 0.015 0.0153 0.0156 0.0159 0.0162 0.0164 0.0167 0.017 0.0172 0.0174 0.0177 0.0179 0.0181 0.0183 0.0185 0.0187 0.0189 0.019 0.0192 
PU_N2O 0.0 0.0 0.0 0.0 0.0 0.0 0.0 0.0 0.0 0.0 0.0 0.0 0.0 0.0 0.0 0.0 0.0 0.0 0.0 0.0 0.0 0.0 0.0 0.0 0.0 0.0 0.0 0.0 0.0 0.0 0.0 0.0 0.0 
REFR_AC_HFC32 0.0462 0.0579 0.0696 0.0708 0.0879 0.0905 0.0933 0.0961 0.0989 0.1019 0.105 0.1081 0.1113 0.1147 0.1181 0.1217 0.1253 0.1291 0.133 0.1369 0.1411 0.1453 0.1496 0.1541 0.1588 0.1635 0.1684 0.1735 0.1787 0.184 0.1896 0.1953 0.2011 
REFR_AC_HFC125 0.4657 0.555 0.6443 0.6443 0.723 0.7447 0.767 0.79 0.8137 0.8382 0.8633 0.8892 0.9159 0.9434 0.9717 1.0008 1.0308 1.0617 1.0936 1.1264 1.1602 1.195 1.2309 1.2678 1.3058 1.345 1.3853 1.4269 1.4697 1.5138 1.5592 1.606 1.6542 
REFR_AC_HFC134a 0.7757 0.8357 0.8957 0.9473 1.0229 1.0536 1.0852 1.1178 1.1513 1.1858 1.2214 1.258 1.2958 1.3347 1.3747 1.4159 1.4584 1.5022 1.5472 1.5936 1.6415 1.6907 1.7414 1.7937 1.8475 1.9029 1.96 2.0188 2.0793 2.1417 2.206 2.2722 2.3403 
REFR_AC_HFC143a 0.384 0.4552 0.5263 0.5263 0.5263 0.5421 0.5584 0.5751 0.5924 0.6101 0.6284 0.6473 0.6667 0.6867 0.7073 0.7285 0.7504 0.7729 0.7961 0.82 0.8446 0.8699 0.896 0.9229 0.9506 0.9791 1.0084 1.0387 1.0699 1.102 1.135 1.1691 1.2041 
PROD_CLK_TRAD 0.0 0.0 0.0 0.0 0.0 0.0 0.0 0.0 0.0 0.0 0.0 0.0 0.0 0.0 0.0 0.0 0.0 0.0 0.0 0.0 0.0 0.0 0.0 0.0 0.0 0.0 0.0 0.0 0.0 0.0 0.0 0.0 0.0 
;

param TotalTechnologyAnnualActivityUpperLimit default 9999999999 :=
[RD,*,*]:
2018 2019 2020 2021 2022 2023 2024 2025 2026 2027 2028 2029 2030 2031 2032 2033 2034 2035 2036 2037 2038 2039 2040 2041 2042 2043 2044 2045 2046 2047 2048 2049 2050 :=
IMP_STOR 0.6397 0.6596 0.586 0.9822 0.8009 0.8177 0.8481 0.8786 0.9076 0.937 0.9683 0.9985 1.0286 1.056 1.0839 1.1124 1.1416 1.1713 1.1964 1.222 1.2479 1.2743 1.3012 1.323 1.3452 1.3676 1.3904 1.4134 1.4313 1.4494 1.4677 1.4861 1.5047 
LIME_PROD 0.4466 0.4216 0.4851 0.5547 0.5264 0.5374 0.5574 0.5775 0.5965 0.6158 0.6364 0.6563 0.6761 0.694 0.7124 0.7312 0.7503 0.7698 0.7864 0.8031 0.8202 0.8376 0.8552 0.8696 0.8841 0.8989 0.9138 0.929 0.9407 0.9526 0.9646 0.9768 0.989 
CARBONATE 0.0079 0.0062 0.0078 0.0096 0.0106 0.0106 0.0109 0.0112 0.0115 0.0118 0.0121 0.0124 0.0127 0.013 0.0133 0.0136 0.0139 0.0142 0.0144 0.0146 0.0148 0.015 0.0152 0.0154 0.0156 0.0158 0.016 0.0162 0.0164 0.0166 0.0168 0.017 0.0172 
CARBIDE_PROD 0.3796 0.4179 0.4058 0.2937 0.551 0.5494 0.5647 0.58 0.5944 0.6089 0.6242 0.6388 0.6533 0.6664 0.6797 0.6932 0.7068 0.7206 0.7322 0.744 0.7559 0.7679 0.7801 0.79 0.7999 0.8099 0.82 0.8302 0.8381 0.8461 0.8541 0.8622 0.8703 
PROD_FERRO 0.0537 0.0592 0.0759 0.0789 0.0787 0.0803 0.0833 0.0863 0.0891 0.092 0.0951 0.0981 0.101 0.1037 0.1065 0.1093 0.1121 0.115 0.1175 0.12 0.1226 0.1252 0.1278 0.1299 0.1321 0.1343 0.1366 0.1388 0.1406 0.1424 0.1442 0.146 0.1478 
PROD_CINC 0.004 0.0055 0.0024 0.0049 0.0055 0.0056 0.0058 0.006 0.0062 0.0064 0.0066 0.0068 0.007 0.0072 0.0074 0.0076 0.0078 0.008 0.0082 0.0084 0.0085 0.0087 0.0089 0.0091 0.0092 0.0094 0.0095 0.0097 0.0098 0.0099 0.0101 0.0102 0.0103 
LUBRI_OILS 0.043 0.044 0.037 0.043 0.052 0.0518 0.0532 0.0546 0.056 0.0574 0.0588 0.0602 0.0616 0.0628 0.0641 0.0654 0.0667 0.068 0.0691 0.0702 0.0713 0.0724 0.0735 0.0744 0.0753 0.0762 0.0772 0.0782 0.0789 0.0797 0.0805 0.0813 0.0821 
PARAFFIN 0.017 0.0164 0.0074 0.015 0.0122 0.0121 0.0125 0.0128 0.0131 0.0134 0.0138 0.0141 0.0144 0.0147 0.015 0.0153 0.0156 0.0159 0.0162 0.0164 0.0167 0.017 0.0172 0.0174 0.0177 0.0179 0.0181 0.0183 0.0185 0.0187 0.0189 0.019 0.0192 
PU_N2O 0.0 0.0 0.0 0.0 0.0 0.0 0.0 0.0 0.0 0.0 0.0 0.0 0.0 0.0 0.0 0.0 0.0 0.0 0.0 0.0 0.0 0.0 0.0 0.0 0.0 0.0 0.0 0.0 0.0 0.0 0.0 0.0 0.0 
REFR_AC_HFC32 0.0462 0.0579 0.0696 0.0708 0.0879 0.0905 0.0933 0.0961 0.0989 0.1019 0.105 0.1081 0.1113 0.1147 0.1181 0.1217 0.1253 0.1291 0.133 0.1369 0.1411 0.1453 0.1496 0.1541 0.1588 0.1635 0.1684 0.1735 0.1787 0.184 0.1896 0.1953 0.2011 
REFR_AC_HFC125 0.4657 0.555 0.6443 0.6443 0.723 0.7447 0.767 0.79 0.8137 0.8382 0.8633 0.8892 0.9159 0.9434 0.9717 1.0008 1.0308 1.0617 1.0936 1.1264 1.1602 1.195 1.2309 1.2678 1.3058 1.345 1.3853 1.4269 1.4697 1.5138 1.5592 1.606 1.6542 
REFR_AC_HFC134a 0.7757 0.8357 0.8957 0.9473 1.0229 1.0536 1.0852 1.1178 1.1513 1.1858 1.2214 1.258 1.2958 1.3347 1.3747 1.4159 1.4584 1.5022 1.5472 1.5936 1.6415 1.6907 1.7414 1.7937 1.8475 1.9029 1.96 2.0188 2.0793 2.1417 2.206 2.2722 2.3403 
REFR_AC_HFC143a 0.384 0.4552 0.5263 0.5263 0.5263 0.5421 0.5584 0.5751 0.5924 0.6101 0.6284 0.6473 0.6667 0.6867 0.7073 0.7285 0.7504 0.7729 0.7961 0.82 0.8446 0.8699 0.896 0.9229 0.9506 0.9791 1.0084 1.0387 1.0699 1.102 1.135 1.1691 1.2041 
PROD_CLK_TRAD 3.2306 3.3315 3.0396 3.5833 3.7081 3.7858 3.9264 4.0679 4.2017 4.338 4.4828 4.6226 4.7621 4.8888 5.0183 5.1504 5.2851 5.4227 5.539 5.6573 5.7776 5.8999 6.0242 6.1254 6.2279 6.3318 6.4369 6.5436 6.6266 6.7103 6.7948 6.8803 6.9666 
PROD_CEM 5.4296 5.6442 5.169 6.5624 6.5347 6.6716 6.9195 7.1687 7.4047 7.6449 7.9001 8.1464 8.3923 8.6156 8.8437 9.0764 9.314 9.5564 9.7614 9.9699 10.1818 10.3973 10.6164 10.7947 10.9754 11.1585 11.3439 11.5318 11.678 11.8256 11.9746 12.1252 12.2772 
;

param VariableCost default 0 :=
[RD,PROD_CEM,*,*]:
2018 2019 2020 2021 2022 2023 2024 2025 2026 2027 2028 2029 2030 2031 2032 2033 2034 2035 2036 2037 2038 2039 2040 2041 2042 2043 2044 2045 2046 2047 2048 2049 2050 :=
1 0.0 0.0 0.0 0.0 0.0 0.0 0.0 0.0 0.0 0.0 0.0 0.0 0.0 0.0 0.0 0.0 0.0 0.0 0.0 0.0 0.0 0.0 0.0 0.0 0.0 0.0 0.0 0.0 0.0 0.0 0.0 0.0 0.0 
[RD,PROD_CLK_TRAD,*,*]:
2018 2019 2020 2021 2022 2023 2024 2025 2026 2027 2028 2029 2030 2031 2032 2033 2034 2035 2036 2037 2038 2039 2040 2041 2042 2043 2044 2045 2046 2047 2048 2049 2050 :=
1 0.0 0.0 0.0 0.0 0.0 0.0 0.0 0.0 0.0 0.0 0.0 0.0 0.0 0.0 0.0 0.0 0.0 0.0 0.0 0.0 0.0 0.0 0.0 0.0 0.0 0.0 0.0 0.0 0.0 0.0 0.0 0.0 0.0 
;

param YearSplit default 0 :
2018 2019 2020 2021 2022 2023 2024 2025 2026 2027 2028 2029 2030 2031 2032 2033 2034 2035 2036 2037 2038 2039 2040 2041 2042 2043 2044 2045 2046 2047 2048 2049 2050 :=
All 1 1 1 1 1 1 1 1 1 1 1 1 1 1 1 1 1 1 1 1 1 1 1 1 1 1 1 1 1 1 1 1 1 
;

param AccumulatedAnnualDemand default 0 :=
;
param AnnualEmissionLimit default 999999999999 :=
;
param AnnualExogenousEmission default 0 :=
;
param CapacityOfOneTechnologyUnit default 0 :=
;
param CapitalCostStorage default 0 :=
;
param Conversionld default 0 :=
;
param Conversionlh default 0 :=
;
param Conversionls default 0 :=
;
param DaySplit default 0.00137 :=
;
param DaysInDayType default 7 :=
;
param DepreciationMethod default 1 :=
;
param DiscountRate default 0.05 :=
;
param EmissionsPenalty default 0 :=
;
param MinStorageCharge default 0 :=
;
param ModelPeriodEmissionLimit default 999999999999 :=
;
param ModelPeriodExogenousEmission default 0 :=
;
param OperationalLifeStorage default 1 :=
;
param REMinProductionTarget default 0 :=
;
param RETagFuel default 0 :=
;
param RETagTechnology default 0 :=
;
param ReserveMargin default 0 :=
;
param ReserveMarginTagFuel default 0 :=
;
param ReserveMarginTagTechnology default 0 :=
;
param ResidualStorageCapacity default 0 :=
;
param StorageLevelStart default 0 :=
;
param StorageMaxChargeRate default 0 :=
;
param StorageMaxDischargeRate default 0 :=
;
param TechnologyFromStorage default 0 :=
;
param TechnologyToStorage default 0 :=
;
param TotalAnnualMaxCapacityInvestment default 999999999999 :=
;
param TotalAnnualMinCapacity default 0 :=
;
param TotalTechnologyModelPeriodActivityLowerLimit default 0 :=
;
param TotalTechnologyModelPeriodActivityUpperLimit default 999999999999 :=
;
param TradeRoute default 0 :=
;
param TotalAnnualMinCapacityInvestment default 0 :=
;
param TotalAnnualMaxCapacity default 999999999999 :=
;
#
end;
